#  191088 204254 31384 592894 31396 618142 639603 573502 521202 399969 161170 17219 502595 387937 487438 495719 508709 535792 360750 168390 69509 288743 175238 254925 time
1.758482065000000000e+08 9.585701375000000000e+07 1.397582606250000000e+08 3.661306512500000000e+07 5.595989387500000000e+07 2.252627462500000000e+07 1.865379125000000000e+06 7.967581687500000000e+07 1.493771612500000000e+07 6.722688930000000000e+08 1.120044055000000000e+09 6.979199687500000000e+07 1.419742932500000000e+08 3.091911220000000000e+08 9.663525475000000000e+07 1.345324085000000000e+08 7.842599612500000000e+07 2.817090975000000000e+07 1.804917058000000000e+09 1.085686050700000000e+10 1.147893281200000000e+10 1.304981788800000000e+10 4.334190682800000000e+10 4.410125880750000000e+09 0.000000000000000000e+00
1.980978436500000000e+09 5.132748491250000000e+08 1.040217890625000000e+09 2.002848020000000000e+08 1.576426530000000000e+08 1.265848653750000000e+08 2.173649812500000000e+07 1.001665081875000000e+09 1.204208908750000000e+08 8.292558325000000000e+09 1.589112143050000000e+10 6.988898753750000000e+08 1.025764285250000000e+09 2.543227446500000000e+09 9.640159657500000000e+08 1.024969469000000000e+09 9.561436641250000000e+08 4.702640777500000000e+08 3.862479596200000000e+10 2.115376615310000000e+11 1.402300274600000000e+11 9.568225703200000000e+10 2.401547766200000000e+11 9.159646394875000000e+10 1.227846145629882812e+00
5.965211894000000000e+09 1.102421034500000000e+09 2.474824367375000000e+09 4.452801288750000000e+08 4.721324132500000000e+08 3.495842596250000000e+08 4.128932237500000000e+07 2.587374897625000000e+09 2.300648771250000000e+08 2.441241613950000000e+10 2.671723080450000000e+10 3.248022831875000000e+09 2.004325033250000000e+09 9.037428195000000000e+09 2.448198758250000000e+09 2.340444474250000000e+09 2.098444704625000000e+09 1.767489259000000000e+09 1.219976863770000000e+11 5.337223043950000000e+11 2.531889012612500000e+11 1.492376868395000000e+11 3.717064893100000000e+11 2.487566056567500000e+11 2.342818260192871094e+00
1.118217927750000000e+10 1.905204206250000000e+09 4.888059255125000000e+09 9.040948751250000000e+08 1.183732547625000000e+09 5.848771057500000000e+08 5.671825537500000000e+07 4.413882542625000000e+09 3.209061141250000000e+08 5.148093986175000000e+10 4.074026361775000000e+10 7.518677831375000000e+09 3.768484172875000000e+09 1.412009588450000000e+10 4.648236690375000000e+09 3.753997413000000000e+09 4.212918754562500000e+09 3.891949706000000000e+09 2.032788681295000000e+11 7.042720169320000000e+11 2.749682820867500000e+11 2.041455735633750000e+11 4.384439287260000000e+11 3.551152716362500000e+11 3.355292320251464844e+00
1.628170243850000000e+10 2.727805182000000000e+09 6.950760643875000000e+09 1.241684195500000000e+09 2.343099977625000000e+09 8.737772212500000000e+08 8.501721525000000000e+07 5.391746814625000000e+09 6.028917122500000000e+08 9.121173923137500000e+10 4.819161917525000000e+10 1.206027947912500000e+10 6.591041939750000000e+09 1.895845069150000000e+10 6.279135115875000000e+09 5.319394011500000000e+09 6.270787694187500000e+09 5.507652793625000000e+09 2.204605961165000000e+11 8.052438936040625000e+11 2.838829934722500000e+11 2.359527020076250000e+11 4.692754870733750000e+11 4.225177049058750000e+11 4.274690628051757812e+00
1.714147750950000000e+10 3.762230931750000000e+09 9.856876409250000000e+09 1.517865399000000000e+09 3.294725693375000000e+09 1.251020145250000000e+09 9.336588625000000000e+07 6.472117267625000000e+09 1.007330844375000000e+09 1.390372783493750000e+11 5.642686050625000000e+10 1.596342221650000000e+10 1.143118853575000000e+10 2.318761988550000000e+10 8.516086410875000000e+09 7.256216216500000000e+09 9.066071916187500000e+09 6.740480039625000000e+09 2.415628245625000000e+11 8.472254513909375000e+11 2.858141733452500000e+11 2.453680187781250000e+11 4.931738174371875000e+11 4.711685399373750000e+11 5.109570503234863281e+00
1.756420870850000000e+10 4.730892132500000000e+09 1.329410874975000000e+10 1.894697498750000000e+09 4.227122078375000000e+09 1.826276188125000000e+09 9.914498950000000000e+07 7.049852919625000000e+09 1.213667940750000000e+09 1.404665464861250000e+11 5.936782869775000000e+10 2.264587174200000000e+10 1.405783022962500000e+10 2.654240494762500000e+10 1.127909326662500000e+10 9.539416303125000000e+09 1.189398732331250000e+10 8.175329947125000000e+09 2.530802566550000000e+11 9.066408094479375000e+11 2.877225576932500000e+11 2.549183753378750000e+11 5.028119729874375000e+11 4.947757542083750000e+11 5.867700576782226562e+00
1.815840422450000000e+10 5.252986711000000000e+09 1.615918442012500000e+10 2.170511758625000000e+09 5.175077636375000000e+09 2.113484345125000000e+09 1.316752005625000000e+08 8.656678961625000000e+09 1.566577492875000000e+09 1.421479808891250000e+11 5.967016244225000000e+10 2.660727971687500000e+10 1.675988920175000000e+10 2.823500213775000000e+10 1.429541049950000000e+10 1.122053396862500000e+10 1.342874984356250000e+10 9.254630661125000000e+09 2.590716449990000000e+11 9.741800606851875000e+11 2.878031858952500000e+11 2.672993375756250000e+11 5.249029807884375000e+11 5.055188886558750000e+11 6.556136131286621094e+00
1.841059329950000000e+10 5.577766299000000000e+09 1.682555207700000000e+10 2.443699679625000000e+09 5.985204012375000000e+09 2.275477470875000000e+09 1.863957928125000000e+08 9.236547119625000000e+09 1.926020134375000000e+09 1.433409919921250000e+11 5.969488701462500000e+10 3.234298026812500000e+10 1.894402634975000000e+10 2.992572683612500000e+10 1.576210041300000000e+10 1.265645657812500000e+10 1.512292989956250000e+10 1.115416833562500000e+10 2.656826601195000000e+11 1.012950289272687500e+12 2.882336083692500000e+11 2.789021411361250000e+11 5.557654513684375000e+11 5.141122449540000000e+11 7.181285381317138672e+00
1.848611872950000000e+10 6.012869640250000000e+09 1.750394998875000000e+10 2.742911412125000000e+09 6.583255831625000000e+09 2.528853160000000000e+09 2.599375295625000000e+08 9.392472212125000000e+09 2.482757971875000000e+09 1.443875262866250000e+11 5.972558550462500000e+10 4.473578591625000000e+10 2.111699665975000000e+10 3.161719132862500000e+10 1.746465460400000000e+10 1.407848111612500000e+10 1.681279330831250000e+10 1.248300690875000000e+10 2.711539812240000000e+11 1.041951387953187500e+12 2.888174065792500000e+11 2.969631145497500000e+11 5.650108307096875000e+11 5.284944148440000000e+11 7.748964786529541016e+00
1.851151101162500000e+10 6.549153296250000000e+09 1.843470110575000000e+10 3.060004980625000000e+09 6.909874620625000000e+09 2.675113598875000000e+09 3.413394828125000000e+08 9.588059761125000000e+09 2.861874771875000000e+09 1.449172125196250000e+11 5.973904803362500000e+10 4.920683805575000000e+10 2.367003030975000000e+10 3.368240164031250000e+10 1.888598792112500000e+10 1.507943171762500000e+10 1.761431700231250000e+10 1.306613737425000000e+10 2.772283171660000000e+11 1.069186912911062500e+12 2.894038232832500000e+11 3.110684303935000000e+11 5.657672748596875000e+11 5.312458098072500000e+11 8.264458656311035156e+00
1.851151101162500000e+10 6.998703483250000000e+09 1.938595469775000000e+10 3.374476911500000000e+09 7.333036238375000000e+09 2.855052695375000000e+09 4.113475218125000000e+08 9.790509790125000000e+09 3.101115388125000000e+09 1.453002343856250000e+11 5.973904803362500000e+10 5.496619942625000000e+10 2.564819593287500000e+10 3.538219239468750000e+10 2.005757730312500000e+10 1.621599099137500000e+10 1.857932428243750000e+10 1.352665083337500000e+10 2.814875945825000000e+11 1.087760604664062500e+12 2.901413138062500000e+11 3.187042185655000000e+11 5.660831842771875000e+11 5.319513872935000000e+11 8.732563018798828125e+00
1.851151101162500000e+10 7.082832242250000000e+09 2.005580049087500000e+10 3.550628518250000000e+09 7.578760759375000000e+09 3.083519218125000000e+09 5.024508768125000000e+08 1.006326185937500000e+10 3.359590354125000000e+09 1.455949432206250000e+11 5.973904803362500000e+10 5.568780579387500000e+10 2.749338077375000000e+10 3.721019622593750000e+10 2.067229478212500000e+10 1.772599555768750000e+10 1.946134674868750000e+10 1.426530481212500000e+10 2.862099847325000000e+11 1.101399556890062500e+12 2.915985802182500000e+11 3.257816144835000000e+11 5.664049840934375000e+11 5.346872163837500000e+11 9.157636642456054688e+00
1.851151101162500000e+10 7.086858329750000000e+09 2.070229886287500000e+10 3.718976304750000000e+09 7.793417742000000000e+09 3.166600227000000000e+09 5.894409838125000000e+08 1.032958357087500000e+10 3.578563870625000000e+09 1.458175459486250000e+11 5.973904803362500000e+10 5.570424189550000000e+10 2.957587428575000000e+10 3.835778708193750000e+10 2.117800493212500000e+10 1.995343488768750000e+10 2.036721518618750000e+10 1.504619400525000000e+10 2.889733784837500000e+11 1.103918665364062500e+12 2.921400087272500000e+11 3.283373991401250000e+11 5.665089508321875000e+11 5.354893199812500000e+11 9.543632507324218750e+00
1.851151101162500000e+10 7.086858329750000000e+09 2.110705645675000000e+10 3.834375585250000000e+09 8.240315514500000000e+09 3.245060771250000000e+09 6.880317145625000000e+08 1.060030315275000000e+10 3.710518913125000000e+09 1.459820269508750000e+11 5.973904803362500000e+10 5.574080558450000000e+10 3.064207559062500000e+10 3.895508380668750000e+10 2.193178864212500000e+10 2.122020001793750000e+10 2.106838823412500000e+10 1.561200284325000000e+10 2.914050524927500000e+11 1.105213760197562500e+12 2.922161793648750000e+11 3.296680085236250000e+11 5.666038046545625000e+11 5.357963050432500000e+11 9.894144058227539062e+00
1.851151101162500000e+10 7.086858329750000000e+09 2.140884402075000000e+10 3.908757658750000000e+09 8.651016794500000000e+09 3.327434283250000000e+09 7.630567374375000000e+08 1.082564779000000000e+10 3.829482024875000000e+09 1.461105499728750000e+11 5.973904803362500000e+10 5.577353741575000000e+10 3.122142628312500000e+10 3.945581854681250000e+10 2.281311288912500000e+10 2.173467903618750000e+10 2.137071604450000000e+10 1.588831879393750000e+10 2.931134740472500000e+11 1.105882064055562500e+12 2.922296444188750000e+11 3.310413281776250000e+11 5.667112413485625000e+11 5.362283808563750000e+11 1.021243476867675781e+01
1.851151101162500000e+10 7.086858329750000000e+09 2.159868121175000000e+10 3.983432774375000000e+09 8.884573138500000000e+09 3.394952908750000000e+09 9.010379489375000000e+08 1.102082295325000000e+10 3.931927453250000000e+09 1.462047069481250000e+11 5.973904803362500000e+10 5.578039380412500000e+10 3.211894060025000000e+10 4.007355232431250000e+10 2.336104489312500000e+10 2.232482174368750000e+10 2.164784369600000000e+10 1.618774536906250000e+10 2.942522924488750000e+11 1.105978357578125000e+12 2.922296444188750000e+11 3.321664830043750000e+11 5.668330007370625000e+11 5.367089740017500000e+11 1.050146484375000000e+01
1.851151101162500000e+10 7.086858329750000000e+09 2.176921743350000000e+10 4.076533531375000000e+09 9.018171790750000000e+09 3.455945247750000000e+09 9.665585861875000000e+08 1.127997949375000000e+10 4.036627833375000000e+09 1.462678797856250000e+11 5.973904803362500000e+10 5.578635558325000000e+10 3.328729813512500000e+10 4.071202619731250000e+10 2.365007025362500000e+10 2.339099729768750000e+10 2.195804500075000000e+10 1.650167137393750000e+10 2.948401544466250000e+11 1.106073702508375000e+12 2.922296444188750000e+11 3.328550171393750000e+11 5.669348224060625000e+11 5.376021713728750000e+11 1.076392364501953125e+01
1.851151101162500000e+10 7.086858329750000000e+09 2.182664862100000000e+10 4.165214186500000000e+09 9.186199289750000000e+09 3.530726888500000000e+09 1.064927901937500000e+09 1.146259743887500000e+10 4.098069502125000000e+09 1.462802011435000000e+11 5.973904803362500000e+10 5.580967942075000000e+10 3.411542790737500000e+10 4.134516708431250000e+10 2.380914705187500000e+10 2.515159731568750000e+10 2.232306933375000000e+10 1.689660642512500000e+10 2.950555763231250000e+11 1.106093744066625000e+12 2.922296444188750000e+11 3.333538670445000000e+11 5.669982193185625000e+11 5.387226216337500000e+11 1.100225639343261719e+01
1.851151101162500000e+10 7.086858329750000000e+09 2.186736154000000000e+10 4.256839543500000000e+09 9.346754763125000000e+09 3.593846082750000000e+09 1.167240802812500000e+09 1.162837161512500000e+10 4.179315714125000000e+09 1.462802011435000000e+11 5.973904803362500000e+10 5.583880070037500000e+10 3.490342699937500000e+10 4.215590804218750000e+10 2.394892135212500000e+10 2.595690741168750000e+10 2.266387664625000000e+10 1.725034437312500000e+10 2.951328583471250000e+11 1.106104047254625000e+12 2.922296444188750000e+11 3.336802730715000000e+11 5.670488562458125000e+11 5.401082327312500000e+11 1.121867942810058594e+01
1.851151101162500000e+10 7.086858329750000000e+09 2.189489510400000000e+10 4.320929099000000000e+09 9.535342529125000000e+09 3.647872504500000000e+09 1.257013188875000000e+09 1.171632776637500000e+10 4.223664063625000000e+09 1.462802011435000000e+11 5.973904803362500000e+10 5.588410240131250000e+10 3.564176001537500000e+10 4.281910570968750000e+10 2.403124337275000000e+10 2.636817975868750000e+10 2.300498587350000000e+10 1.762483820112500000e+10 2.951724824191250000e+11 1.106110239886625000e+12 2.922296444188750000e+11 3.341068783567500000e+11 5.670986708493125000e+11 5.414079626952500000e+11 1.141520595550537109e+01
1.851151101162500000e+10 7.086858329750000000e+09 2.191239389400000000e+10 4.387875373625000000e+09 9.708180287125000000e+09 3.703379193750000000e+09 1.342923266625000000e+09 1.182237508075000000e+10 4.247380359500000000e+09 1.462802011435000000e+11 5.973904803362500000e+10 5.588520460968750000e+10 3.629846090137500000e+10 4.341043078900000000e+10 2.412797544437500000e+10 2.667210482793750000e+10 2.334703811000000000e+10 1.799527840112500000e+10 2.952243232368750000e+11 1.106110239886625000e+12 2.922296444188750000e+11 3.347032836092500000e+11 5.671539040710625000e+11 5.429486387282500000e+11 1.159366703033447266e+01
1.851151101162500000e+10 7.086858329750000000e+09 2.192290188100000000e+10 4.443241594500000000e+09 9.869171073125000000e+09 3.729410444125000000e+09 1.412369477125000000e+09 1.195050935425000000e+10 4.301886945000000000e+09 1.462802011435000000e+11 5.973904803362500000e+10 5.588520460968750000e+10 3.686982242337500000e+10 4.399691348350000000e+10 2.422783061287500000e+10 2.689415354293750000e+10 2.373988440412500000e+10 1.831520146412500000e+10 2.952562314211250000e+11 1.106110239886625000e+12 2.922296444188750000e+11 3.351700006052500000e+11 5.672409028770625000e+11 5.447658129080000000e+11 1.175572204589843750e+01
1.851151101162500000e+10 7.086858329750000000e+09 2.193020242400000000e+10 4.514457374875000000e+09 9.984181646125000000e+09 3.754967444375000000e+09 1.510808842125000000e+09 1.207846880631250000e+10 4.345534158500000000e+09 1.462802011435000000e+11 5.973904803362500000e+10 5.588686881793750000e+10 3.729208194225000000e+10 4.446389007350000000e+10 2.435025991937500000e+10 2.708025096193750000e+10 2.403637169062500000e+10 1.861531560512500000e+10 2.953060645491250000e+11 1.106110239886625000e+12 2.922296444188750000e+11 3.354723700342500000e+11 5.673188530308125000e+11 5.457310014270000000e+11 1.190287876129150391e+01
1.851151101162500000e+10 7.086858329750000000e+09 2.193552590150000000e+10 4.607366218875000000e+09 1.008992213837500000e+10 3.793112398500000000e+09 1.569812794000000000e+09 1.220803093856250000e+10 4.409087791750000000e+09 1.462802011435000000e+11 5.973904803362500000e+10 5.588686881793750000e+10 3.755106139800000000e+10 4.487739111200000000e+10 2.451505498537500000e+10 2.726681256193750000e+10 2.434831408937500000e+10 1.892806249987500000e+10 2.953514172666250000e+11 1.106110239886625000e+12 2.922296444188750000e+11 3.356947690812500000e+11 5.674954820178125000e+11 5.468208116385000000e+11 1.203650856018066406e+01
1.851151101162500000e+10 7.086858329750000000e+09 2.193942095475000000e+10 4.678562582750000000e+09 1.014734251662500000e+10 3.821524118500000000e+09 1.593157924125000000e+09 1.232639430106250000e+10 4.483365968375000000e+09 1.462802011435000000e+11 5.973904803362500000e+10 5.588686881793750000e+10 3.773019637025000000e+10 4.532287105850000000e+10 2.465638020162500000e+10 2.743863924881250000e+10 2.464936290337500000e+10 1.924919254187500000e+10 2.953892208616250000e+11 1.106111930321500000e+12 2.922296444188750000e+11 3.359584012527500000e+11 5.676552435608125000e+11 5.479722269825000000e+11 1.215785408020019531e+01
1.851151101162500000e+10 7.086858329750000000e+09 2.193942095475000000e+10 4.739641138125000000e+09 1.017526522962500000e+10 3.847707804625000000e+09 1.694668574375000000e+09 1.242599751943750000e+10 4.583218134125000000e+09 1.462802011435000000e+11 5.973904803362500000e+10 5.588686881793750000e+10 3.792291418662500000e+10 4.568678648050000000e+10 2.481421365062500000e+10 2.761464161631250000e+10 2.491630414637500000e+10 1.960741685487500000e+10 2.954127570116250000e+11 1.106111930321500000e+12 2.922296444188750000e+11 3.361483822197500000e+11 5.678950223245625000e+11 5.489376725865000000e+11 1.226804351806640625e+01
1.851151101162500000e+10 7.086858329750000000e+09 2.194129044262500000e+10 4.796706533625000000e+09 1.020695447687500000e+10 3.867183662625000000e+09 1.757737949125000000e+09 1.254185728781250000e+10 4.679096537000000000e+09 1.462802011435000000e+11 5.973904803362500000e+10 5.588686881793750000e+10 3.809311401237500000e+10 4.601309317250000000e+10 2.497209836162500000e+10 2.780114775518750000e+10 2.513572660087500000e+10 1.997050087087500000e+10 2.954397342526250000e+11 1.106111930321500000e+12 2.922296444188750000e+11 3.362763099557500000e+11 5.681322137530625000e+11 5.496690546275000000e+11 1.236810398101806641e+01
1.851151101162500000e+10 7.086858329750000000e+09 2.194129044262500000e+10 4.850157898375000000e+09 1.024290164787500000e+10 3.897164750125000000e+09 1.788991081625000000e+09 1.265507334531250000e+10 4.757932191500000000e+09 1.462802011435000000e+11 5.973904803362500000e+10 5.588686881793750000e+10 3.825766234437500000e+10 4.623784538975000000e+10 2.511263318062500000e+10 2.796517826268750000e+10 2.538151433487500000e+10 2.035338609437500000e+10 2.954690302896250000e+11 1.106111930321500000e+12 2.922296444188750000e+11 3.363857335427500000e+11 5.684180207310625000e+11 5.503806695973750000e+11 1.245896625518798828e+01
1.851151101162500000e+10 7.086858329750000000e+09 2.194129044262500000e+10 4.906396555375000000e+09 1.026089170025000000e+10 3.922911280750000000e+09 1.819299967125000000e+09 1.273534831881250000e+10 4.842298657500000000e+09 1.462802011435000000e+11 5.973904803362500000e+10 5.588686881793750000e+10 3.840432637762500000e+10 4.644391467225000000e+10 2.526127695462500000e+10 2.812698072268750000e+10 2.561269667437500000e+10 2.072176996975000000e+10 2.954840449611250000e+11 1.106116587565500000e+12 2.922296444188750000e+11 3.365102619007500000e+11 5.686986152660625000e+11 5.509267249386250000e+11 1.254147529602050781e+01
1.851151101162500000e+10 7.086858329750000000e+09 2.194129044262500000e+10 4.945129133375000000e+09 1.028518759850000000e+10 3.942867168250000000e+09 1.847525300500000000e+09 1.279770206743750000e+10 4.914990931875000000e+09 1.462802011435000000e+11 5.973904803362500000e+10 5.588686881793750000e+10 3.854897805812500000e+10 4.666345279262500000e+10 2.538343337612500000e+10 2.826960073568750000e+10 2.579547362712500000e+10 2.099764208162500000e+10 2.955124788631250000e+11 1.106126985292500000e+12 2.922296444188750000e+11 3.366040300332500000e+11 5.689760936250625000e+11 5.514707624148750000e+11 1.261639881134033203e+01
1.851151101162500000e+10 7.086858329750000000e+09 2.194129044262500000e+10 4.979053005000000000e+09 1.029968942725000000e+10 3.962678879875000000e+09 1.876729175812500000e+09 1.286818985293750000e+10 4.963102849625000000e+09 1.462802011435000000e+11 5.973904803362500000e+10 5.588686881793750000e+10 3.861172702562500000e+10 4.687741228462500000e+10 2.550513376312500000e+10 2.839063521968750000e+10 2.594229598725000000e+10 2.125731524237500000e+10 2.955228016111250000e+11 1.106134476851250000e+12 2.922296444188750000e+11 3.367219290960000000e+11 5.692875849611875000e+11 5.518710782953750000e+11 1.268443584442138672e+01
1.851151101162500000e+10 7.086858329750000000e+09 2.194129044262500000e+10 5.000082927250000000e+09 1.031290518325000000e+10 3.976327727375000000e+09 1.921906133062500000e+09 1.294006865081250000e+10 5.011151409875000000e+09 1.462802011435000000e+11 5.973904803362500000e+10 5.588686881793750000e+10 3.867921596562500000e+10 4.710459523562500000e+10 2.559936281812500000e+10 2.852682645318750000e+10 2.604859786975000000e+10 2.151340019537500000e+10 2.955277153156250000e+11 1.106140409121250000e+12 2.922296444188750000e+11 3.367872540450000000e+11 5.696100212811875000e+11 5.522339866840000000e+11 1.274621772766113281e+01
1.851151101162500000e+10 7.086858329750000000e+09 2.194129044262500000e+10 5.025837978000000000e+09 1.032612236250000000e+10 3.998291084875000000e+09 1.965254894437500000e+09 1.300899437143750000e+10 5.053581869875000000e+09 1.462802011435000000e+11 5.973904803362500000e+10 5.588686881793750000e+10 3.872066759262500000e+10 4.729210561062500000e+10 2.569522151412500000e+10 2.864163912668750000e+10 2.617001735875000000e+10 2.176429517212500000e+10 2.955414747246250000e+11 1.106146010321500000e+12 2.922296444188750000e+11 3.368905373558750000e+11 5.698879790690625000e+11 5.526008901915000000e+11 1.280231952667236328e+01
1.851151101162500000e+10 7.086858329750000000e+09 2.194129044262500000e+10 5.039413878000000000e+09 1.033625844750000000e+10 4.010073005625000000e+09 2.013274791687500000e+09 1.305092982431250000e+10 5.079595933875000000e+09 1.462802011435000000e+11 5.973904803362500000e+10 5.588686881793750000e+10 3.873875384562500000e+10 4.743077165493750000e+10 2.574474304850000000e+10 2.876179528925000000e+10 2.627807086675000000e+10 2.194171983312500000e+10 2.955435688878750000e+11 1.106153970347812500e+12 2.922296444188750000e+11 3.369526793413750000e+11 5.702572141650625000e+11 5.529429411070000000e+11 1.285326480865478516e+01
1.851151101162500000e+10 7.086858329750000000e+09 2.194129044262500000e+10 5.056463660250000000e+09 1.034153831800000000e+10 4.022119790875000000e+09 2.053847446687500000e+09 1.310666619806250000e+10 5.109443852625000000e+09 1.462802011435000000e+11 5.973904803362500000e+10 5.588686881793750000e+10 3.877260414875000000e+10 4.754854025893750000e+10 2.579856638462500000e+10 2.886576993425000000e+10 2.634831822650000000e+10 2.206991433612500000e+10 2.955509003453750000e+11 1.106161741453312500e+12 2.922296444188750000e+11 3.370030728263125000e+11 5.705714422000625000e+11 5.532713456620000000e+11 1.289952659606933594e+01
1.851151101162500000e+10 7.086858329750000000e+09 2.194129044262500000e+10 5.067116948000000000e+09 1.035134978650000000e+10 4.027664055000000000e+09 2.074292214250000000e+09 1.314238486681250000e+10 5.139278791375000000e+09 1.462802011435000000e+11 5.973904803362500000e+10 5.588686881793750000e+10 3.879067054462500000e+10 4.766148590793750000e+10 2.582603319962500000e+10 2.894881631525000000e+10 2.641786437587500000e+10 2.220453771162500000e+10 2.955585325183750000e+11 1.106170149988312500e+12 2.922296444188750000e+11 3.370623375053125000e+11 5.708327739205625000e+11 5.535172439220000000e+11 1.294153499603271484e+01
1.851151101162500000e+10 7.086858329750000000e+09 2.194129044262500000e+10 5.076075206875000000e+09 1.035519452237500000e+10 4.031053371750000000e+09 2.094518500875000000e+09 1.318333046206250000e+10 5.163976109875000000e+09 1.462802011435000000e+11 5.973904803362500000e+10 5.588686881793750000e+10 3.881298876462500000e+10 4.774947015993750000e+10 2.584050447050000000e+10 2.901424776325000000e+10 2.648282071787500000e+10 2.231201007200000000e+10 2.955609371193750000e+11 1.106180364891312500e+12 2.922296444188750000e+11 3.371288688188125000e+11 5.710259446134375000e+11 5.537052893162500000e+11 1.297968292236328125e+01
1.851151101162500000e+10 7.086858329750000000e+09 2.194129044262500000e+10 5.086096367125000000e+09 1.035519452237500000e+10 4.037301321625000000e+09 2.111106434187500000e+09 1.321888941493750000e+10 5.190073299250000000e+09 1.462802011435000000e+11 5.973904803362500000e+10 5.588686881793750000e+10 3.881893730625000000e+10 4.783206445443750000e+10 2.585559402275000000e+10 2.909355586125000000e+10 2.653967208750000000e+10 2.240707503512500000e+10 2.955609371193750000e+11 1.106189049593312500e+12 2.922296444188750000e+11 3.371978578835625000e+11 5.712235205074375000e+11 5.539264497492500000e+11 1.301432228088378906e+01
1.851151101162500000e+10 7.086858329750000000e+09 2.194129044262500000e+10 5.092644997625000000e+09 1.035979166387500000e+10 4.044859127750000000e+09 2.130181562437500000e+09 1.325286085543750000e+10 5.211265736500000000e+09 1.462802011435000000e+11 5.973904803362500000e+10 5.588686881793750000e+10 3.882357947287500000e+10 4.791260774193750000e+10 2.588052776025000000e+10 2.916023299200000000e+10 2.657953814062500000e+10 2.248956817812500000e+10 2.955609371193750000e+11 1.106195328656812500e+12 2.922296444188750000e+11 3.372384471755625000e+11 5.714156293236875000e+11 5.541156969745000000e+11 1.304577827453613281e+01
1.851151101162500000e+10 7.086858329750000000e+09 2.194129044262500000e+10 5.099998694625000000e+09 1.036256441887500000e+10 4.050709665062500000e+09 2.144549547687500000e+09 1.327645425331250000e+10 5.223594065937500000e+09 1.462802011435000000e+11 5.973904803362500000e+10 5.588686881793750000e+10 3.882496639837500000e+10 4.798945830893750000e+10 2.589959311906250000e+10 2.922422122900000000e+10 2.661079645562500000e+10 2.255318934962500000e+10 2.955714025573750000e+11 1.106208029096562500e+12 2.922296444188750000e+11 3.372724248255625000e+11 5.715989370705625000e+11 5.543118284665000000e+11 1.307434272766113281e+01
1.851151101162500000e+10 7.086858329750000000e+09 2.194129044262500000e+10 5.106086582375000000e+09 1.036396643537500000e+10 4.053980583187500000e+09 2.166968066687500000e+09 1.329454677656250000e+10 5.231528304437500000e+09 1.462802011435000000e+11 5.973904803362500000e+10 5.588686881793750000e+10 3.883197811337500000e+10 4.803196595256250000e+10 2.590405710331250000e+10 2.928239745625000000e+10 2.666154552312500000e+10 2.261256645512500000e+10 2.955714025573750000e+11 1.106223920565937500e+12 2.922296444188750000e+11 3.373081682715625000e+11 5.717013129760625000e+11 5.544750226365000000e+11 1.310028076171875000e+01
1.851151101162500000e+10 7.086858329750000000e+09 2.194129044262500000e+10 5.109415925375000000e+09 1.036563411937500000e+10 4.057094794812500000e+09 2.179797493937500000e+09 1.331044068656250000e+10 5.246982406625000000e+09 1.462802011435000000e+11 5.973904803362500000e+10 5.588686881793750000e+10 3.883536824837500000e+10 4.808298806268750000e+10 2.591871891618750000e+10 2.934737164975000000e+10 2.670511521637500000e+10 2.268973897675000000e+10 2.955752376333750000e+11 1.106234927004187500e+12 2.922296444188750000e+11 3.373500186600625000e+11 5.717725044754375000e+11 5.546636237825000000e+11 1.312383460998535156e+01
1.851151101162500000e+10 7.086858329750000000e+09 2.194129044262500000e+10 5.112946510125000000e+09 1.036563411937500000e+10 4.058785821437500000e+09 2.188186226125000000e+09 1.332641572881250000e+10 5.254509401500000000e+09 1.462802011435000000e+11 5.973904803362500000e+10 5.588686881793750000e+10 3.884503275587500000e+10 4.811759944918750000e+10 2.593336474393750000e+10 2.939198096387500000e+10 2.674723081000000000e+10 2.273388532600000000e+10 2.955769804908750000e+11 1.106242688221687500e+12 2.922296444188750000e+11 3.373878791520625000e+11 5.718607254475625000e+11 5.548345524920000000e+11 1.314522361755371094e+01
1.851151101162500000e+10 7.086858329750000000e+09 2.194129044262500000e+10 5.112946510125000000e+09 1.036771288600000000e+10 4.061389439937500000e+09 2.190543409125000000e+09 1.334622506068750000e+10 5.263785367375000000e+09 1.462802011435000000e+11 5.973904803362500000e+10 5.588686881793750000e+10 3.884751295162500000e+10 4.816118420268750000e+10 2.594807263618750000e+10 2.944060043075000000e+10 2.678879151300000000e+10 2.277647866068750000e+10 2.955788881321250000e+11 1.106266247905437500e+12 2.922296444188750000e+11 3.374150293703125000e+11 5.719299950998125000e+11 5.549735786380000000e+11 1.316464519500732422e+01
1.851151101162500000e+10 7.086858329750000000e+09 2.194129044262500000e+10 5.112946510125000000e+09 1.036892603062500000e+10 4.061389439937500000e+09 2.199646073812500000e+09 1.336191624843750000e+10 5.274883366500000000e+09 1.462802011435000000e+11 5.973904803362500000e+10 5.588686881793750000e+10 3.885430940237500000e+10 4.819815295393750000e+10 2.595433155581250000e+10 2.946322014675000000e+10 2.683558538712500000e+10 2.281754472743750000e+10 2.955788881321250000e+11 1.106274596434812500e+12 2.922296444188750000e+11 3.374464788143125000e+11 5.719979685644375000e+11 5.551187501800000000e+11 1.318228244781494141e+01
1.851151101162500000e+10 7.086858329750000000e+09 2.194129044262500000e+10 5.118040530500000000e+09 1.037199306225000000e+10 4.062464484562500000e+09 2.204025803812500000e+09 1.336743171468750000e+10 5.286214301500000000e+09 1.462802011435000000e+11 5.973904803362500000e+10 5.588686881793750000e+10 3.886243095737500000e+10 4.821729878093750000e+10 2.595676992168750000e+10 2.950012739075000000e+10 2.686456750193750000e+10 2.284943339393750000e+10 2.955878147101250000e+11 1.106284787849812500e+12 2.922296444188750000e+11 3.374911803096875000e+11 5.720612786343125000e+11 5.552760351660000000e+11 1.319829750061035156e+01
1.851151101162500000e+10 7.086858329750000000e+09 2.194129044262500000e+10 5.119305578875000000e+09 1.037199306225000000e+10 4.063903653562500000e+09 2.213415837312500000e+09 1.337794881431250000e+10 5.293066537500000000e+09 1.462802011435000000e+11 5.973904803362500000e+10 5.588686881793750000e+10 3.886931702137500000e+10 4.823088777868750000e+10 2.596363652068750000e+10 2.952424201937500000e+10 2.689223726656250000e+10 2.288104052193750000e+10 2.955878147101250000e+11 1.106292945434312500e+12 2.922296444188750000e+11 3.375265457296875000e+11 5.721243859853125000e+11 5.553804693115000000e+11 1.321284103393554688e+01
1.851151101162500000e+10 7.086858329750000000e+09 2.194129044262500000e+10 5.119305578875000000e+09 1.037275663050000000e+10 4.063903653562500000e+09 2.220270188312500000e+09 1.338802931218750000e+10 5.298624679875000000e+09 1.462802011435000000e+11 5.973904803362500000e+10 5.588686881793750000e+10 3.887201545412500000e+10 4.825299579818750000e+10 2.597135780118750000e+10 2.954778292162500000e+10 2.691525483225000000e+10 2.290778719231250000e+10 2.955923206416250000e+11 1.106296702079062500e+12 2.922296444188750000e+11 3.375455534715625000e+11 5.721944750153125000e+11 5.554877077055000000e+11 1.322604751586914062e+01
1.851151101162500000e+10 7.086858329750000000e+09 2.194129044262500000e+10 5.120934165125000000e+09 1.037275663050000000e+10 4.069176114312500000e+09 2.224666375062500000e+09 1.339620223781250000e+10 5.307226597500000000e+09 1.462802011435000000e+11 5.973904803362500000e+10 5.588686881793750000e+10 3.888116813612500000e+10 4.827447470556250000e+10 2.597272480781250000e+10 2.957185174962500000e+10 2.693549168350000000e+10 2.293121820231250000e+10 2.955997942861250000e+11 1.106302647734062500e+12 2.922296444188750000e+11 3.375822781723125000e+11 5.722495736738125000e+11 5.555966108455000000e+11 1.323803997039794922e+01
1.851151101162500000e+10 7.086858329750000000e+09 2.194129044262500000e+10 5.122965001625000000e+09 1.037471242925000000e+10 4.071218316187500000e+09 2.226735296562500000e+09 1.341078961368750000e+10 5.322259138375000000e+09 1.462802011435000000e+11 5.973904803362500000e+10 5.588686881793750000e+10 3.889268017662500000e+10 4.829742673868750000e+10 2.597876459531250000e+10 2.958862466200000000e+10 2.696757847975000000e+10 2.296795832831250000e+10 2.956054387476250000e+11 1.106307811648562500e+12 2.922296444188750000e+11 3.376013687888125000e+11 5.723020104078125000e+11 5.556969413885000000e+11 1.324892902374267578e+01
1.851151101162500000e+10 7.086858329750000000e+09 2.194129044262500000e+10 5.122965001625000000e+09 1.037471242925000000e+10 4.071218316187500000e+09 2.230771653062500000e+09 1.341387673893750000e+10 5.326610016312500000e+09 1.462802011435000000e+11 5.973904803362500000e+10 5.588686881793750000e+10 3.889268017662500000e+10 4.831026041843750000e+10 2.598177476631250000e+10 2.960011155675000000e+10 2.699156383712500000e+10 2.299120665993750000e+10 2.956074382201250000e+11 1.106311687976187500e+12 2.922296444188750000e+11 3.376179346548125000e+11 5.723570118508125000e+11 5.557514417595000000e+11 1.325881767272949219e+01
1.851151101162500000e+10 7.086858329750000000e+09 2.194129044262500000e+10 5.126965605625000000e+09 1.037471242925000000e+10 4.071218316187500000e+09 2.235743632687500000e+09 1.341654361168750000e+10 5.329451151312500000e+09 1.462802011435000000e+11 5.973904803362500000e+10 5.588686881793750000e+10 3.889268017662500000e+10 4.833185450993750000e+10 2.599140106731250000e+10 2.960986188050000000e+10 2.700735405850000000e+10 2.301327639368750000e+10 2.956106630181250000e+11 1.106311687976187500e+12 2.922296444188750000e+11 3.376293976960625000e+11 5.724008518478125000e+11 5.558321822207500000e+11 1.326779747009277344e+01
1.851151101162500000e+10 7.086858329750000000e+09 2.194129044262500000e+10 5.126965605625000000e+09 1.037663614987500000e+10 4.071218316187500000e+09 2.240924528062500000e+09 1.342217676156250000e+10 5.334266305437500000e+09 1.462802011435000000e+11 5.973904803362500000e+10 5.588686881793750000e+10 3.889700183862500000e+10 4.836029732868750000e+10 2.599790807993750000e+10 2.962681436462500000e+10 2.702825853581250000e+10 2.303639676156250000e+10 2.956153582901250000e+11 1.106313546207687500e+12 2.922296444188750000e+11 3.376480841055625000e+11 5.724469392458125000e+11 5.559426982787500000e+11 1.327595233917236328e+01
1.851151101162500000e+10 7.086858329750000000e+09 2.194129044262500000e+10 5.126965605625000000e+09 1.037848468637500000e+10 4.071218316187500000e+09 2.248016577187500000e+09 1.342625329831250000e+10 5.337634178937500000e+09 1.462802011435000000e+11 5.973904803362500000e+10 5.588686881793750000e+10 3.889982707350000000e+10 4.837351771056250000e+10 2.600278141243750000e+10 2.963655073350000000e+10 2.703910055606250000e+10 2.305170235056250000e+10 2.956153582901250000e+11 1.106315576879562500e+12 2.922296444188750000e+11 3.376594947543125000e+11 5.724869728138125000e+11 5.559883593942500000e+11 1.328335666656494141e+01
1.851151101162500000e+10 7.086858329750000000e+09 2.194129044262500000e+10 5.128917025250000000e+09 1.038117845562500000e+10 4.071218316187500000e+09 2.251129844000000000e+09 1.342720251537500000e+10 5.340511459062500000e+09 1.462802011435000000e+11 5.973904803362500000e+10 5.588686881793750000e+10 3.889982707350000000e+10 4.838521502075000000e+10 2.600547270243750000e+10 2.964848457512500000e+10 2.704769933806250000e+10 2.306680222406250000e+10 2.956153582901250000e+11 1.106316895952812500e+12 2.922296444188750000e+11 3.376706235575625000e+11 5.725187348988125000e+11 5.560509952422500000e+11 1.329008007049560547e+01
1.851151101162500000e+10 7.086858329750000000e+09 2.194129044262500000e+10 5.128917025250000000e+09 1.038117845562500000e+10 4.072390930187500000e+09 2.258706990562500000e+09 1.343171098300000000e+10 5.347132322312500000e+09 1.462802011435000000e+11 5.973904803362500000e+10 5.588686881793750000e+10 3.890381283568750000e+10 4.839486101912500000e+10 2.600692982156250000e+10 2.965587650606250000e+10 2.705466436143750000e+10 2.307560242756250000e+10 2.956193819603750000e+11 1.106316895952812500e+12 2.922296444188750000e+11 3.376792606225625000e+11 5.725481221093125000e+11 5.560957029292500000e+11 1.329618644714355469e+01
1.851151101162500000e+10 7.086858329750000000e+09 2.194129044262500000e+10 5.128917025250000000e+09 1.038117845562500000e+10 4.072390930187500000e+09 2.273400163000000000e+09 1.343428467600000000e+10 5.348671049312500000e+09 1.462802011435000000e+11 5.973904803362500000e+10 5.588686881793750000e+10 3.890536063518750000e+10 4.840958171087500000e+10 2.601076513618750000e+10 2.966941882356250000e+10 2.706213138581250000e+10 2.308317580556250000e+10 2.956193819603750000e+11 1.106318797811937500e+12 2.922296444188750000e+11 3.376936418026875000e+11 5.725813779670625000e+11 5.561363577077500000e+11 1.330173015594482422e+01
1.851151101162500000e+10 7.086858329750000000e+09 2.194129044262500000e+10 5.130635949625000000e+09 1.038117845562500000e+10 4.074901630812500000e+09 2.281873836687500000e+09 1.343594086687500000e+10 5.349974819812500000e+09 1.462802011435000000e+11 5.973904803362500000e+10 5.588686881793750000e+10 3.890921767106250000e+10 4.842032539125000000e+10 2.601488926281250000e+10 2.967248453556250000e+10 2.707560402243750000e+10 2.309052627881250000e+10 2.956193819603750000e+11 1.106320831166437500e+12 2.922296444188750000e+11 3.377021030628125000e+11 5.726035016361875000e+11 5.561735045787500000e+11 1.330676555633544922e+01
1.851151101162500000e+10 7.086858329750000000e+09 2.194129044262500000e+10 5.130635949625000000e+09 1.038117845562500000e+10 4.076236793437500000e+09 2.285013264812500000e+09 1.344037197300000000e+10 5.352898766812500000e+09 1.462802011435000000e+11 5.973904803362500000e+10 5.588686881793750000e+10 3.891011942118750000e+10 4.842779766137500000e+10 2.601488926281250000e+10 2.968538985406250000e+10 2.708800539100000000e+10 2.310233995693750000e+10 2.956211438022500000e+11 1.106320831166437500e+12 2.922296444188750000e+11 3.377074746209375000e+11 5.726174363781875000e+11 5.562073276937500000e+11 1.331133747100830078e+01
1.851151101162500000e+10 7.086858329750000000e+09 2.194129044262500000e+10 5.130635949625000000e+09 1.038117845562500000e+10 4.076236793437500000e+09 2.286042258312500000e+09 1.344703263137500000e+10 5.354707145187500000e+09 1.462802011435000000e+11 5.973904803362500000e+10 5.588686881793750000e+10 3.891405148481250000e+10 4.844011833162500000e+10 2.601621585581250000e+10 2.969308007731250000e+10 2.709670285425000000e+10 2.311356939543750000e+10 2.956211438022500000e+11 1.106320831166437500e+12 2.922296444188750000e+11 3.377199925599375000e+11 5.726406563241875000e+11 5.562426898727500000e+11 1.331548881530761719e+01
1.851151101162500000e+10 7.086858329750000000e+09 2.194129044262500000e+10 5.130635949625000000e+09 1.038117845562500000e+10 4.076236793437500000e+09 2.293457599750000000e+09 1.344817784300000000e+10 5.359315568000000000e+09 1.462802011435000000e+11 5.973904803362500000e+10 5.588686881793750000e+10 3.891534959793750000e+10 4.844890167556250000e+10 2.601839956381250000e+10 2.970019041306250000e+10 2.710304425875000000e+10 2.312036945268750000e+10 2.956211438022500000e+11 1.106320831166437500e+12 2.922296444188750000e+11 3.377254583658125000e+11 5.726591923721875000e+11 5.562862817522500000e+11 1.331925868988037109e+01
1.851151101162500000e+10 7.086858329750000000e+09 2.194129044262500000e+10 5.130635949625000000e+09 1.038117845562500000e+10 4.078608781687500000e+09 2.298226964687500000e+09 1.345274950012500000e+10 5.361518870250000000e+09 1.462802011435000000e+11 5.973904803362500000e+10 5.588686881793750000e+10 3.892073561043750000e+10 4.845248793381250000e+10 2.601955801331250000e+10 2.970629432131250000e+10 2.710739323937500000e+10 2.313674169556250000e+10 2.956211438022500000e+11 1.106320831166437500e+12 2.922296444188750000e+11 3.377340482574375000e+11 5.726767587656875000e+11 5.563010418390000000e+11 1.332268238067626953e+01
1.851151101162500000e+10 7.086858329750000000e+09 2.194129044262500000e+10 5.130635949625000000e+09 1.038117845562500000e+10 4.080193288687500000e+09 2.299895835062500000e+09 1.345274950012500000e+10 5.368852673000000000e+09 1.462802011435000000e+11 5.973904803362500000e+10 5.588686881793750000e+10 3.892593276143750000e+10 4.845583274281250000e+10 2.601955801331250000e+10 2.971387839706250000e+10 2.711115218650000000e+10 2.314191971600000000e+10 2.956211438022500000e+11 1.106320831166437500e+12 2.922296444188750000e+11 3.377414478968125000e+11 5.726921515949375000e+11 5.563226927565000000e+11 1.332579135894775391e+01
1.851151101162500000e+10 7.086858329750000000e+09 2.194129044262500000e+10 5.130635949625000000e+09 1.038117845562500000e+10 4.080193288687500000e+09 2.303497010187500000e+09 1.345392750100000000e+10 5.369939677875000000e+09 1.462802011435000000e+11 5.973904803362500000e+10 5.588686881793750000e+10 3.892990196843750000e+10 4.845758905493750000e+10 2.602059103556250000e+10 2.972000514331250000e+10 2.711758923525000000e+10 2.315509945000000000e+10 2.956211438022500000e+11 1.106320831166437500e+12 2.922296444188750000e+11 3.377461047385625000e+11 5.726956557931875000e+11 5.563590498370000000e+11 1.332861423492431641e+01
1.851151101162500000e+10 7.086858329750000000e+09 2.194129044262500000e+10 5.130635949625000000e+09 1.038117845562500000e+10 4.080193288687500000e+09 2.304894181187500000e+09 1.345392750100000000e+10 5.369939677875000000e+09 1.462802011435000000e+11 5.973904803362500000e+10 5.588686881793750000e+10 3.893151079131250000e+10 4.845986714368750000e+10 2.602059103556250000e+10 2.972781867793750000e+10 2.712511427643750000e+10 2.315816973000000000e+10 2.956228088828750000e+11 1.106320831166437500e+12 2.922296444188750000e+11 3.377547131306875000e+11 5.727099608871875000e+11 5.563667721031250000e+11 1.333117771148681641e+01
1.851151101162500000e+10 7.086858329750000000e+09 2.194129044262500000e+10 5.130635949625000000e+09 1.038117845562500000e+10 4.081899150687500000e+09 2.307257591187500000e+09 1.345632891256250000e+10 5.372048998375000000e+09 1.462802011435000000e+11 5.973904803362500000e+10 5.588686881793750000e+10 3.893727776581250000e+10 4.846456442618750000e+10 2.602170426931250000e+10 2.973393209631250000e+10 2.712844437393750000e+10 2.315938672300000000e+10 2.956245491875000000e+11 1.106322386132562500e+12 2.922296444188750000e+11 3.377616506451875000e+11 5.727256160118125000e+11 5.564015529885000000e+11 1.333350467681884766e+01
1.851151101162500000e+10 7.086858329750000000e+09 2.194129044262500000e+10 5.132094221125000000e+09 1.038117845562500000e+10 4.081899150687500000e+09 2.308303858437500000e+09 1.346145418831250000e+10 5.375674636375000000e+09 1.462802011435000000e+11 5.973904803362500000e+10 5.588686881793750000e+10 3.893727776581250000e+10 4.846902810431250000e+10 2.602307761706250000e+10 2.974084059806250000e+10 2.713694677056250000e+10 2.316443024200000000e+10 2.956245491875000000e+11 1.106322386132562500e+12 2.922296444188750000e+11 3.377662904260625000e+11 5.727464181538125000e+11 5.564185596497500000e+11 1.333561897277832031e+01
1.851151101162500000e+10 7.086858329750000000e+09 2.194129044262500000e+10 5.132094221125000000e+09 1.038117845562500000e+10 4.081899150687500000e+09 2.309371145937500000e+09 1.346479986931250000e+10 5.378712296375000000e+09 1.462802011435000000e+11 5.973904803362500000e+10 5.588686881793750000e+10 3.893873040943750000e+10 4.847518538506250000e+10 2.602307761706250000e+10 2.974084059806250000e+10 2.714144738068750000e+10 2.317090104187500000e+10 2.956245491875000000e+11 1.106322386132562500e+12 2.922296444188750000e+11 3.377719991271875000e+11 5.727620395296875000e+11 5.564430677578750000e+11 1.333753871917724609e+01
1.851151101162500000e+10 7.086858329750000000e+09 2.194129044262500000e+10 5.132094221125000000e+09 1.038333485387500000e+10 4.081899150687500000e+09 2.311690070687500000e+09 1.346717537531250000e+10 5.380822524125000000e+09 1.462802011435000000e+11 5.973904803362500000e+10 5.588686881793750000e+10 3.894050782068750000e+10 4.847763780631250000e+10 2.602307761706250000e+10 2.974084059806250000e+10 2.714391275825000000e+10 2.317273700425000000e+10 2.956245491875000000e+11 1.106322386132562500e+12 2.922296444188750000e+11 3.377719991271875000e+11 5.727674245461875000e+11 5.564464460573750000e+11 1.333928108215332031e+01
1.851151101162500000e+10 7.086858329750000000e+09 2.194129044262500000e+10 5.132094221125000000e+09 1.038333485387500000e+10 4.081899150687500000e+09 2.313859482687500000e+09 1.346859753318750000e+10 5.383481791875000000e+09 1.462802011435000000e+11 5.973904803362500000e+10 5.588686881793750000e+10 3.894050782068750000e+10 4.848495641275000000e+10 2.602307761706250000e+10 2.974494459081250000e+10 2.714843629800000000e+10 2.317770344062500000e+10 2.956245491875000000e+11 1.106322386132562500e+12 2.922296444188750000e+11 3.377756960161875000e+11 5.727756874366875000e+11 5.564668502428750000e+11 1.334086418151855469e+01
1.851151101162500000e+10 7.086858329750000000e+09 2.194129044262500000e+10 5.132094221125000000e+09 1.038333485387500000e+10 4.081899150687500000e+09 2.315952132187500000e+09 1.346859753318750000e+10 5.383481791875000000e+09 1.462802011435000000e+11 5.973904803362500000e+10 5.588686881793750000e+10 3.894050782068750000e+10 4.848765195775000000e+10 2.602480885518750000e+10 2.974687228281250000e+10 2.714843629800000000e+10 2.318082698650000000e+10 2.956245491875000000e+11 1.106322386132562500e+12 2.922296444188750000e+11 3.377777477110625000e+11 5.727878312186875000e+11 5.564733424078750000e+11 1.334230136871337891e+01
1.851151101162500000e+10 7.086858329750000000e+09 2.194129044262500000e+10 5.133098189875000000e+09 1.038333485387500000e+10 4.081899150687500000e+09 2.317003749562500000e+09 1.347413714031250000e+10 5.383481791875000000e+09 1.462802011435000000e+11 5.973904803362500000e+10 5.588686881793750000e+10 3.894050782068750000e+10 4.848882444175000000e+10 2.602480885518750000e+10 2.974756621918750000e+10 2.715416599500000000e+10 2.319041646912500000e+10 2.956261341036250000e+11 1.106322386132562500e+12 2.922296444188750000e+11 3.377813561300625000e+11 5.727942021841875000e+11 5.564832483636250000e+11 1.334360694885253906e+01
1.851151101162500000e+10 7.086858329750000000e+09 2.194129044262500000e+10 5.133098189875000000e+09 1.038333485387500000e+10 4.083625349312500000e+09 2.318132297312500000e+09 1.347534839993750000e+10 5.383481791875000000e+09 1.462802011435000000e+11 5.973904803362500000e+10 5.588686881793750000e+10 3.894050782068750000e+10 4.849172546993750000e+10 2.602642002231250000e+10 2.974956007043750000e+10 2.715416599500000000e+10 2.319356170737500000e+10 2.956261341036250000e+11 1.106322386132562500e+12 2.922296444188750000e+11 3.377865780936875000e+11 5.727981842461875000e+11 5.564946307428750000e+11 1.334479141235351562e+01
1.851151101162500000e+10 7.086858329750000000e+09 2.194129044262500000e+10 5.133098189875000000e+09 1.038333485387500000e+10 4.083625349312500000e+09 2.321541747187500000e+09 1.347534839993750000e+10 5.386347532250000000e+09 1.462802011435000000e+11 5.973904803362500000e+10 5.588686881793750000e+10 3.894050782068750000e+10 4.849645964381250000e+10 2.602642002231250000e+10 2.975101798218750000e+10 2.715745419300000000e+10 2.319566060237500000e+10 2.956261341036250000e+11 1.106323594851937500e+12 2.922296444188750000e+11 3.377865780936875000e+11 5.728032679600625000e+11 5.565048120671250000e+11 1.334586811065673828e+01
1.851151101162500000e+10 7.086858329750000000e+09 2.194129044262500000e+10 5.133098189875000000e+09 1.038333485387500000e+10 4.083625349312500000e+09 2.324846423187500000e+09 1.347534839993750000e+10 5.388762626625000000e+09 1.462802011435000000e+11 5.973904803362500000e+10 5.588686881793750000e+10 3.894369551518750000e+10 4.849645964381250000e+10 2.602642002231250000e+10 2.975101798218750000e+10 2.715830915693750000e+10 2.319927065412500000e+10 2.956261341036250000e+11 1.106323594851937500e+12 2.922296444188750000e+11 3.377887490201875000e+11 5.728069430805625000e+11 5.565134553490000000e+11 1.334684562683105469e+01
1.851151101162500000e+10 7.086858329750000000e+09 2.194129044262500000e+10 5.133098189875000000e+09 1.038333485387500000e+10 4.083625349312500000e+09 2.325841046500000000e+09 1.347741093906250000e+10 5.391800136375000000e+09 1.462802011435000000e+11 5.973904803362500000e+10 5.588686881793750000e+10 3.894369551518750000e+10 4.849823376843750000e+10 2.602642002231250000e+10 2.975936476918750000e+10 2.715970105856250000e+10 2.320144129737500000e+10 2.956261341036250000e+11 1.106323594851937500e+12 2.922296444188750000e+11 3.377909927634375000e+11 5.728137990546875000e+11 5.565223286806250000e+11 1.334773254394531250e+01
1.851151101162500000e+10 7.086858329750000000e+09 2.194129044262500000e+10 5.133098189875000000e+09 1.038333485387500000e+10 4.083625349312500000e+09 2.326935884250000000e+09 1.347741093906250000e+10 5.391800136375000000e+09 1.462802011435000000e+11 5.973904803362500000e+10 5.588686881793750000e+10 3.894369551518750000e+10 4.850020290306250000e+10 2.602642002231250000e+10 2.975936476918750000e+10 2.716351608468750000e+10 2.320244192981250000e+10 2.956261341036250000e+11 1.106323594851937500e+12 2.922296444188750000e+11 3.377909927634375000e+11 5.728175906506875000e+11 5.565260597391250000e+11 1.334853839874267578e+01
1.851151101162500000e+10 7.086858329750000000e+09 2.194129044262500000e+10 5.133098189875000000e+09 1.038333485387500000e+10 4.083625349312500000e+09 2.329512893500000000e+09 1.348047844918750000e+10 5.391800136375000000e+09 1.462802011435000000e+11 5.973904803362500000e+10 5.588686881793750000e+10 3.894369551518750000e+10 4.850020290306250000e+10 2.602642002231250000e+10 2.976282986881250000e+10 2.716708357187500000e+10 2.320669181868750000e+10 2.956261341036250000e+11 1.106323594851937500e+12 2.922296444188750000e+11 3.377961578004375000e+11 5.728222932160625000e+11 5.565380617711250000e+11 1.334926986694335938e+01
1.851151101162500000e+10 7.086858329750000000e+09 2.194129044262500000e+10 5.133098189875000000e+09 1.038333485387500000e+10 4.083625349312500000e+09 2.329512893500000000e+09 1.348244664668750000e+10 5.391800136375000000e+09 1.462802011435000000e+11 5.973904803362500000e+10 5.588686881793750000e+10 3.894536210681250000e+10 4.850020290306250000e+10 2.602642002231250000e+10 2.976583147143750000e+10 2.716881256837500000e+10 2.320935321193750000e+10 2.956261341036250000e+11 1.106323594851937500e+12 2.922296444188750000e+11 3.377961578004375000e+11 5.728301034340625000e+11 5.565491010893750000e+11 1.334993457794189453e+01
1.851151101162500000e+10 7.086858329750000000e+09 2.194129044262500000e+10 5.134211027875000000e+09 1.038333485387500000e+10 4.083625349312500000e+09 2.332139979500000000e+09 1.348244664668750000e+10 5.391800136375000000e+09 1.462802011435000000e+11 5.973904803362500000e+10 5.588686881793750000e+10 3.894536210681250000e+10 4.850020290306250000e+10 2.602775369506250000e+10 2.976583147143750000e+10 2.716881256837500000e+10 2.320935321193750000e+10 2.956261341036250000e+11 1.106323594851937500e+12 2.922296444188750000e+11 3.377961578004375000e+11 5.728326845845625000e+11 5.565521523843750000e+11 1.335053825378417969e+01
1.851151101162500000e+10 7.086858329750000000e+09 2.194129044262500000e+10 5.134211027875000000e+09 1.038333485387500000e+10 4.083625349312500000e+09 2.332139979500000000e+09 1.348244664668750000e+10 5.393263773500000000e+09 1.462802011435000000e+11 5.973904803362500000e+10 5.588686881793750000e+10 3.894686344593750000e+10 4.850136149806250000e+10 2.602775369506250000e+10 2.976583147143750000e+10 2.717036724075000000e+10 2.320935321193750000e+10 2.956261341036250000e+11 1.106323594851937500e+12 2.922296444188750000e+11 3.378002742514375000e+11 5.728365082010625000e+11 5.565588342150000000e+11 1.335108566284179688e+01
1.851151101162500000e+10 7.086858329750000000e+09 2.194129044262500000e+10 5.134211027875000000e+09 1.038333485387500000e+10 4.083625349312500000e+09 2.333388667375000000e+09 1.348244664668750000e+10 5.393263773500000000e+09 1.462802011435000000e+11 5.973904803362500000e+10 5.588686881793750000e+10 3.894820684231250000e+10 4.850136149806250000e+10 2.602775369506250000e+10 2.976583147143750000e+10 2.717232943362500000e+10 2.321075339306250000e+10 2.956261341036250000e+11 1.106323594851937500e+12 2.922296444188750000e+11 3.378002742514375000e+11 5.728385941250625000e+11 5.565603770571250000e+11 1.335158348083496094e+01
1.851151101162500000e+10 7.086858329750000000e+09 2.194129044262500000e+10 5.134211027875000000e+09 1.038333485387500000e+10 4.083625349312500000e+09 2.334071743500000000e+09 1.348369325093750000e+10 5.395549877500000000e+09 1.462802011435000000e+11 5.973904803362500000e+10 5.588686881793750000e+10 3.894820684231250000e+10 4.850255160231250000e+10 2.603105228056250000e+10 2.976990208393750000e+10 2.717493411987500000e+10 2.321214452981250000e+10 2.956261341036250000e+11 1.106323594851937500e+12 2.922296444188750000e+11 3.378049384169375000e+11 5.728417056694375000e+11 5.565681885882500000e+11 1.335203552246093750e+01
1.851151101162500000e+10 7.086858329750000000e+09 2.194129044262500000e+10 5.134211027875000000e+09 1.038333485387500000e+10 4.083625349312500000e+09 2.335539661000000000e+09 1.348369325093750000e+10 5.395549877500000000e+09 1.462802011435000000e+11 5.973904803362500000e+10 5.588686881793750000e+10 3.894820684231250000e+10 4.850255160231250000e+10 2.603105228056250000e+10 2.976990208393750000e+10 2.717493411987500000e+10 2.321214452981250000e+10 2.956261341036250000e+11 1.106323594851937500e+12 2.922296444188750000e+11 3.378049384169375000e+11 5.728417056694375000e+11 5.565681885882500000e+11 1.335244560241699219e+01
1.851151101162500000e+10 7.086858329750000000e+09 2.194129044262500000e+10 5.134211027875000000e+09 1.038333485387500000e+10 4.083625349312500000e+09 2.335539661000000000e+09 1.348369325093750000e+10 5.395549877500000000e+09 1.462802011435000000e+11 5.973904803362500000e+10 5.588686881793750000e+10 3.894820684231250000e+10 4.850427506806250000e+10 2.603105228056250000e+10 2.976990208393750000e+10 2.717648073662500000e+10 2.321407436893750000e+10 2.956261341036250000e+11 1.106323594851937500e+12 2.922296444188750000e+11 3.378049384169375000e+11 5.728440615655625000e+11 5.565681885882500000e+11 1.335281848907470703e+01
1.851151101162500000e+10 7.086858329750000000e+09 2.194129044262500000e+10 5.134211027875000000e+09 1.038333485387500000e+10 4.083625349312500000e+09 2.335539661000000000e+09 1.348602636018750000e+10 5.397437530250000000e+09 1.462802011435000000e+11 5.973904803362500000e+10 5.588686881793750000e+10 3.894820684231250000e+10 4.850604614493750000e+10 2.603105228056250000e+10 2.977082900912500000e+10 2.717648073662500000e+10 2.321915393731250000e+10 2.956261341036250000e+11 1.106323594851937500e+12 2.922296444188750000e+11 3.378088791739375000e+11 5.728506206998125000e+11 5.565729460582500000e+11 1.335315704345703125e+01
1.851151101162500000e+10 7.086858329750000000e+09 2.194129044262500000e+10 5.134211027875000000e+09 1.038333485387500000e+10 4.083625349312500000e+09 2.335539661000000000e+09 1.348602636018750000e+10 5.397437530250000000e+09 1.462802011435000000e+11 5.973904803362500000e+10 5.588686881793750000e+10 3.894820684231250000e+10 4.850604614493750000e+10 2.603105228056250000e+10 2.977082900912500000e+10 2.717648073662500000e+10 2.321915393731250000e+10 2.956261341036250000e+11 1.106323594851937500e+12 2.922296444188750000e+11 3.378088791739375000e+11 5.728506206998125000e+11 5.565742089088750000e+11 1.335346412658691406e+01
1.851151101162500000e+10 7.086858329750000000e+09 2.194129044262500000e+10 5.134211027875000000e+09 1.038333485387500000e+10 4.084616472750000000e+09 2.335539661000000000e+09 1.348602636018750000e+10 5.397437530250000000e+09 1.462802011435000000e+11 5.973904803362500000e+10 5.588686881793750000e+10 3.894820684231250000e+10 4.850947254618750000e+10 2.603105228056250000e+10 2.977235098337500000e+10 2.717749358487500000e+10 2.321915393731250000e+10 2.956261341036250000e+11 1.106323594851937500e+12 2.922296444188750000e+11 3.378088791739375000e+11 5.728506206998125000e+11 5.565767186946250000e+11 1.335374259948730469e+01
1.851151101162500000e+10 7.086858329750000000e+09 2.194129044262500000e+10 5.134211027875000000e+09 1.038333485387500000e+10 4.084616472750000000e+09 2.335539661000000000e+09 1.348602636018750000e+10 5.397437530250000000e+09 1.462802011435000000e+11 5.973904803362500000e+10 5.588686881793750000e+10 3.894820684231250000e+10 4.850947254618750000e+10 2.603105228056250000e+10 2.977235098337500000e+10 2.717749358487500000e+10 2.321915393731250000e+10 2.956261341036250000e+11 1.106323594851937500e+12 2.922296444188750000e+11 3.378088791739375000e+11 5.728506206998125000e+11 5.565783311505000000e+11 1.335399627685546875e+01
1.851151101162500000e+10 7.086858329750000000e+09 2.194129044262500000e+10 5.134211027875000000e+09 1.038333485387500000e+10 4.084616472750000000e+09 2.335539661000000000e+09 1.348602636018750000e+10 5.397437530250000000e+09 1.462802011435000000e+11 5.973904803362500000e+10 5.588686881793750000e+10 3.894820684231250000e+10 4.850947254618750000e+10 2.603105228056250000e+10 2.977235098337500000e+10 2.717749358487500000e+10 2.321915393731250000e+10 2.956261341036250000e+11 1.106323594851937500e+12 2.922296444188750000e+11 3.378088791739375000e+11 5.728506206998125000e+11 5.565783311505000000e+11 1.335422611236572266e+01
1.851151101162500000e+10 7.086858329750000000e+09 2.194129044262500000e+10 5.134211027875000000e+09 1.038333485387500000e+10 4.084616472750000000e+09 2.335539661000000000e+09 1.348835203793750000e+10 5.402679407750000000e+09 1.462802011435000000e+11 5.973904803362500000e+10 5.588686881793750000e+10 3.894820684231250000e+10 4.850947254618750000e+10 2.603249267518750000e+10 2.977646730125000000e+10 2.717980549462500000e+10 2.321915393731250000e+10 2.956261341036250000e+11 1.106323594851937500e+12 2.922296444188750000e+11 3.378088791739375000e+11 5.728536390411875000e+11 5.565809267755000000e+11 1.335443496704101562e+01
1.851151101162500000e+10 7.086858329750000000e+09 2.194129044262500000e+10 5.134211027875000000e+09 1.038333485387500000e+10 4.084616472750000000e+09 2.337358196000000000e+09 1.348835203793750000e+10 5.402679407750000000e+09 1.462802011435000000e+11 5.973904803362500000e+10 5.588686881793750000e+10 3.894820684231250000e+10 4.850947254618750000e+10 2.603249267518750000e+10 2.977646730125000000e+10 2.717980549462500000e+10 2.321915393731250000e+10 2.956261341036250000e+11 1.106323594851937500e+12 2.922296444188750000e+11 3.378088791739375000e+11 5.728536390411875000e+11 5.565819285256250000e+11 1.335462474822998047e+01
1.851151101162500000e+10 7.086858329750000000e+09 2.194129044262500000e+10 5.134211027875000000e+09 1.038333485387500000e+10 4.084616472750000000e+09 2.337358196000000000e+09 1.348835203793750000e+10 5.402679407750000000e+09 1.462802011435000000e+11 5.973904803362500000e+10 5.588686881793750000e+10 3.894820684231250000e+10 4.850947254618750000e+10 2.603249267518750000e+10 2.977646730125000000e+10 2.717980549462500000e+10 2.321915393731250000e+10 2.956261341036250000e+11 1.106323594851937500e+12 2.922296444188750000e+11 3.378088791739375000e+11 5.728536390411875000e+11 5.565819285256250000e+11 1.335479736328125000e+01
1.851151101162500000e+10 7.086858329750000000e+09 2.194129044262500000e+10 5.134211027875000000e+09 1.038333485387500000e+10 4.084616472750000000e+09 2.338351450125000000e+09 1.348835203793750000e+10 5.402679407750000000e+09 1.462802011435000000e+11 5.973904803362500000e+10 5.588686881793750000e+10 3.894820684231250000e+10 4.850947254618750000e+10 2.603249267518750000e+10 2.977646730125000000e+10 2.717980549462500000e+10 2.322054578381250000e+10 2.956261341036250000e+11 1.106323594851937500e+12 2.922296444188750000e+11 3.378088791739375000e+11 5.728559977759375000e+11 5.565838642927500000e+11 1.335495376586914062e+01
1.851151101162500000e+10 7.086858329750000000e+09 2.194129044262500000e+10 5.134211027875000000e+09 1.038333485387500000e+10 4.084616472750000000e+09 2.338351450125000000e+09 1.348835203793750000e+10 5.402679407750000000e+09 1.462802011435000000e+11 5.973904803362500000e+10 5.588686881793750000e+10 3.894820684231250000e+10 4.850947254618750000e+10 2.603249267518750000e+10 2.977646730125000000e+10 2.717980549462500000e+10 2.322054578381250000e+10 2.956261341036250000e+11 1.106323594851937500e+12 2.922296444188750000e+11 3.378088791739375000e+11 5.728559977759375000e+11 5.565852076357500000e+11 1.335509586334228516e+01
1.851151101162500000e+10 7.086858329750000000e+09 2.194129044262500000e+10 5.134211027875000000e+09 1.038333485387500000e+10 4.084616472750000000e+09 2.338351450125000000e+09 1.348835203793750000e+10 5.402679407750000000e+09 1.462802011435000000e+11 5.973904803362500000e+10 5.588686881793750000e+10 3.894820684231250000e+10 4.850947254618750000e+10 2.603249267518750000e+10 2.977646730125000000e+10 2.717980549462500000e+10 2.322054578381250000e+10 2.956261341036250000e+11 1.106323594851937500e+12 2.922296444188750000e+11 3.378088791739375000e+11 5.728559977759375000e+11 5.565852076357500000e+11 1.335522460937500000e+01
1.851151101162500000e+10 7.086858329750000000e+09 2.194129044262500000e+10 5.134211027875000000e+09 1.038333485387500000e+10 4.084616472750000000e+09 2.338351450125000000e+09 1.348835203793750000e+10 5.402679407750000000e+09 1.462802011435000000e+11 5.973904803362500000e+10 5.588686881793750000e+10 3.894820684231250000e+10 4.850947254618750000e+10 2.603249267518750000e+10 2.977646730125000000e+10 2.717980549462500000e+10 2.322054578381250000e+10 2.956261341036250000e+11 1.106323594851937500e+12 2.922296444188750000e+11 3.378088791739375000e+11 5.728559977759375000e+11 5.565852076357500000e+11 1.335534191131591797e+01
1.851151101162500000e+10 7.086858329750000000e+09 2.194129044262500000e+10 5.134211027875000000e+09 1.038333485387500000e+10 4.084616472750000000e+09 2.339186090687500000e+09 1.348992534006250000e+10 5.409023044375000000e+09 1.462802011435000000e+11 5.973904803362500000e+10 5.588686881793750000e+10 3.894820684231250000e+10 4.851536571018750000e+10 2.603249267518750000e+10 2.978404704075000000e+10 2.718438824550000000e+10 2.322167624031250000e+10 2.956261341036250000e+11 1.106325631692687500e+12 2.922296444188750000e+11 3.378142124923125000e+11 5.728605840050625000e+11 5.565992148676250000e+11 1.335544776916503906e+01
