# SubhaloID   MASS_BIN_CLASS   SSFR_BIN_CLASS   u_mag   g_mag   r_mag   i_mag   z_mag
191088 LOW QG -16.58304154967772 -18.391555178649508 -19.16606588727057 -19.55380109719812 -19.92166278349009
204254 LOW QG -15.901843252435658 -17.61670251574509 -18.351781287958264 -18.72319080762358 -19.07378710244105
31384 LOW QG -17.28037354411856 -18.959687815779795 -19.677444239531205 -20.042181797205494 -20.3858421350576
592894 LOW GV -17.296023769231322 -18.44995593761676 -18.856461910464965 -19.100044381397282 -19.353469655214376
31396 LOW GV -17.27625729907984 -18.71062257238758 -19.28945104723274 -19.602277938057153 -19.902590234827343
618142 LOW GV -17.043068881114888 -18.09278583673961 -18.503561142330483 -18.764176818302786 -19.03890712411396
639603 LOW MS -18.83081916440241 -19.3800621386178 -19.44905842058961 -19.558767488680154 -19.739884648684036
573502 LOW MS -18.909524810763795 -19.73613613085027 -20.020033566065653 -20.227898239854895 -20.469225792581334
521202 LOW MS -18.9079359552524 -19.43866478670727 -19.577104207287267 -19.724381274701962 -19.927213551963913
399969 MW QG -18.934731579149904 -20.71668059014563 -21.480649746259424 -21.863649394886238 -22.226084065991024
161170 MW QG -17.793444737055413 -19.61518707527183 -20.394848851535663 -20.784727281119963 -21.15487545346721
17219 MW QG -18.345229107247004 -20.019292549378616 -20.735494593362446 -21.099155521560288 -21.441414653125925
502595 MW GV -19.08955405645598 -20.328178668164682 -20.840472344925892 -21.132867579995562 -21.422237088798717
387937 MW GV -19.80323423185672 -20.81394915521793 -21.198828834721112 -21.446824424451766 -21.71065001549063
487438 MW GV -18.7890475631892 -19.90609420600761 -20.361627523267074 -20.632137284711092 -20.909872322908925
495719 MW MS -19.789534969118968 -20.65679515437209 -20.967318110661918 -21.18491893907771 -21.426620463588954
508709 MW MS -19.74142628766542 -20.586099622628883 -20.87311487274667 -21.078880228668115 -21.31349453724157
535792 MW MS -19.875496098886636 -20.727748059242607 -20.96386494266387 -21.14344739466809 -21.359213491666154
360750 MASSIVE QG -19.793187070576135 -21.52595417830309 -22.27173334533838 -22.64993863459204 -23.009365020717706
168390 MASSIVE QG -21.15414149636653 -22.91551197816147 -23.672574735153248 -24.054268341536932 -24.41666051122887
69509 MASSIVE QG -19.352421366273116 -21.212600290479422 -22.006478892773732 -22.402933639614496 -22.78051583906624
288743 MASSIVE GV -20.50019358944843 -21.89745442703976 -22.538677692160384 -22.886472176160485 -23.226405506460956
175238 MASSIVE GV -21.085265913943147 -22.387669266372598 -22.98741080875044 -23.326414655137448 -23.66684775447645
254925 MASSIVE GV -21.47428590423155 -22.662985135626712 -23.200516590704265 -23.516180817532586 -23.83823966143676
