# SubhaloID   MASS_BIN_CLASS   SSFR_BIN_CLASS   u_mag   g_mag   r_mag   i_mag   z_mag
554058 LOW QG -17.680042607483358 -19.283059109573134 -20.038244994801595 -20.360178345015413 -20.68901405109076
379160 LOW QG -15.010161454702526 -16.642879474812094 -17.366879645250965 -17.685368168036597 -17.99661287149933
186959 LOW QG -17.087172626793603 -18.47234275142351 -19.088553472453142 -19.358164245730645 -19.628533942177565
623741 LOW GV -16.665335023147804 -18.043263843506228 -18.676257594056402 -18.95763257682174 -19.236585709436646
415498 LOW GV -17.032439028762155 -18.576417544854944 -19.307626474722394 -19.622168569963165 -19.934243449209802
208785 LOW GV -17.343712610212673 -18.931217255910163 -19.678907083319064 -19.99782800658785 -20.318425627979863
611982 LOW MS -16.737623165183923 -18.179851065026455 -18.844933889542837 -19.136000063864927 -19.419338417030342
365498 LOW MS -15.178051822578361 -17.05800791147356 -17.939392549283816 -18.308994429247637 -18.694856174709635
321677 LOW MS -17.089745580555064 -18.496397025707225 -19.142894056932786 -19.429005768305863 -19.709905429553586
466182 MW QG -19.279177116992916 -20.807819981021613 -21.519216782848105 -21.823463271487455 -22.137506629536404
363104 MW QG -20.60951816340562 -22.122494349153804 -22.830651623259453 -23.13448121547326 -23.452844259886177
476892 MW QG -19.01066001872606 -20.514242886847924 -21.21434411817949 -21.518165750919938 -21.83378675653686
546586 MW GV -18.683670258512034 -20.02548818406581 -20.641421546016506 -20.917825079849216 -21.20996489430204
532983 MW GV -18.632596866126345 -20.073510325418177 -20.7370609461637 -21.02690392621494 -21.32971158452341
401536 MW GV -18.25690393774121 -19.818316763324468 -20.54844819216344 -20.861815033052125 -21.185907068566227
243189 MW MS -18.752475738102145 -20.364895546869818 -21.132059753605557 -21.462419317950893 -21.805187326844614
506566 MW MS -18.402896049397995 -19.89888693218767 -20.60096774329765 -20.906486940844317 -21.214746549260358
420304 MW MS -18.95353234898742 -20.4992444090588 -21.22277062895234 -21.533152602517024 -21.852149876097968
163675 MASSIVE QG -23.354984216222377 -24.54199647227787 -25.040377021536266 -25.255794288043447 -25.49699322852392
313954 MASSIVE QG -22.13171743524665 -23.199655545883257 -23.614035488863692 -23.801392535232647 -24.023424151277286
194948 MASSIVE QG -20.952852794918115 -22.41132976107181 -23.08594061076501 -23.37676801276178 -23.683240996077842
296302 MASSIVE GV -21.23286806503838 -22.759854483314488 -23.472996324235393 -23.7785089258133 -24.0974257087015
161162 MASSIVE GV -22.405632608058717 -23.81351805998805 -24.452325999039253 -24.725959266919926 -25.014019026048704
254112 MASSIVE GV -21.76234959541187 -23.135962169128593 -23.748650259001426 -24.00801358002155 -24.282761478260873
