#  114446 31440 125074 541975 599855 590564 529762 612156 646692 424910 152036 503289 425338 511687 260863 473471 294515 521489 303710 202634 108012 288743 248157 284316 time
2.096617262500000000e+07 2.073878225000000000e+07 2.207120850000000000e+07 4.708602300000000000e+07 2.867753775000000000e+07 5.792273856250000000e+07 5.349155162500000000e+07 2.182328075000000000e+07 1.908000081250000000e+07 1.140945756000000000e+09 3.510742715000000000e+08 2.072511873125000000e+08 1.041782782500000000e+08 1.157779925000000000e+08 1.267686378750000000e+08 8.391452887500000000e+07 3.725365050000000000e+07 8.044924300000000000e+07 1.027121361750000000e+09 1.025700091000000000e+10 2.043859263300000000e+10 1.304981788800000000e+10 6.921789762000000000e+09 3.161296926375000000e+09 0.000000000000000000e+00
1.785240378750000000e+08 1.042516622500000000e+08 2.376671695000000000e+08 5.553882840000000000e+08 2.461967622500000000e+08 2.536209946875000000e+08 3.892599256250000000e+08 3.039069192500000000e+08 3.009150389375000000e+08 1.864087093225000000e+10 5.699881877500000000e+09 4.150241341312500000e+09 1.581998053250000000e+09 1.027850982000000000e+09 1.004731437500000000e+09 6.901937438750000000e+08 7.680688485000000000e+08 1.373939877250000000e+09 1.128914458175000000e+10 2.253621979660000000e+11 2.998842889370000000e+11 9.568225703200000000e+10 1.193532312820000000e+11 8.814654132637500000e+10 1.227846145629882812e+00
4.037830897500000000e+08 3.180165683750000000e+08 7.775379925000000000e+08 2.058674718000000000e+09 6.421386687500000000e+08 5.340167455625000000e+08 1.140992464125000000e+09 6.682865177500000000e+08 6.532032770625000000e+08 4.145157423593750000e+10 1.692891696462500000e+10 1.190011149531250000e+10 6.034141946250000000e+09 3.264845023875000000e+09 4.146970521375000000e+09 2.148966128375000000e+09 2.023142232000000000e+09 4.837810942250000000e+09 6.821625522175000000e+10 4.103682170060000000e+11 4.575684107735000000e+11 1.492376868395000000e+11 2.029133125110000000e+11 1.637607309563750000e+11 2.342818260192871094e+00
7.292998148750000000e+08 5.907457388750000000e+08 1.292649995250000000e+09 3.872667726000000000e+09 1.147685301500000000e+09 9.911968266875000000e+08 2.671128444500000000e+09 9.291680181250000000e+08 9.392591423125000000e+08 6.261946897156250000e+10 3.264522110025000000e+10 1.784921589631250000e+10 1.210854842975000000e+10 6.799616968125000000e+09 1.182922499687500000e+10 4.554040325500000000e+09 4.016173704875000000e+09 7.669639722750000000e+09 1.048323416427500000e+11 4.697406815342500000e+11 5.047674375195000000e+11 2.041455735633750000e+11 2.183748472062500000e+11 2.148708220866250000e+11 3.355292320251464844e+00
9.922505078750000000e+08 9.923805423750000000e+08 1.950348180750000000e+09 6.314558744500000000e+09 1.522870404375000000e+09 1.715749595437500000e+09 4.545366951250000000e+09 1.162418356125000000e+09 1.304962265687500000e+09 8.140830922606250000e+10 3.951292200575000000e+10 2.452100912031250000e+10 1.481107631137500000e+10 9.633769237125000000e+09 1.925022029062500000e+10 6.693944584750000000e+09 4.799117270875000000e+09 1.127864095575000000e+10 1.615127792081875000e+11 4.908497814071250000e+11 5.321581046886875000e+11 2.359527020076250000e+11 2.326310752825000000e+11 2.248747936112500000e+11 4.274690628051757812e+00
1.768649052000000000e+09 1.422616882500000000e+09 2.683930237250000000e+09 8.503931173500000000e+09 1.968316412625000000e+09 2.203293499062500000e+09 6.628826230500000000e+09 1.372718575375000000e+09 1.479138635687500000e+09 9.098415179300000000e+10 4.239609682675000000e+10 3.186814743881250000e+10 1.704963735437500000e+10 1.436346602412500000e+10 2.512991941212500000e+10 8.106488698750000000e+09 5.941346847875000000e+09 1.396210213925000000e+10 2.066857857381875000e+11 4.968278125375000000e+11 5.496640847113125000e+11 2.453680187781250000e+11 2.447102552743750000e+11 2.293135751958750000e+11 5.109570503234863281e+00
2.000641289000000000e+09 2.106166830500000000e+09 3.108201968250000000e+09 9.884013659625000000e+09 2.339556366125000000e+09 2.408925975562500000e+09 7.880186265000000000e+09 1.632504486375000000e+09 1.696769009250000000e+09 1.013094106915000000e+11 4.471932817825000000e+10 3.926802374306250000e+10 1.877669456237500000e+10 2.152785836562500000e+10 3.039661157637500000e+10 9.368612919000000000e+09 7.740245387250000000e+09 1.672095000987500000e+10 2.410481457524375000e+11 4.973114217853750000e+11 5.575510542953125000e+11 2.549183753378750000e+11 2.622591032191250000e+11 2.304770309000000000e+11 5.867700576782226562e+00
2.316223035250000000e+09 2.714245921500000000e+09 3.555108963375000000e+09 1.183396679462500000e+10 2.635060897625000000e+09 2.877257487187500000e+09 8.707538484375000000e+09 1.987252899625000000e+09 1.856571439250000000e+09 1.048634211335000000e+11 4.855523317100000000e+10 4.732219318356250000e+10 2.003894643687500000e+10 2.347010316125000000e+10 3.416637457625000000e+10 1.125885411637500000e+10 8.965195633687500000e+09 1.803497941887500000e+10 2.600049512004375000e+11 4.977630689528750000e+11 5.627973514763125000e+11 2.672993375756250000e+11 2.873361811230000000e+11 2.315551896030000000e+11 6.556136131286621094e+00
2.516143645250000000e+09 3.167178960500000000e+09 3.788778303125000000e+09 1.301597570062500000e+10 2.830364087000000000e+09 3.220318033687500000e+09 9.333698169625000000e+09 2.283445928000000000e+09 1.998792604750000000e+09 1.058962478385000000e+11 5.201885432550000000e+10 5.170295598650000000e+10 2.081040894387500000e+10 2.546551187825000000e+10 3.841615267587500000e+10 1.458478480162500000e+10 1.017906088693750000e+10 1.847401308650000000e+10 2.791263743494375000e+11 4.984098114021250000e+11 5.638761446493125000e+11 2.789021411361250000e+11 2.967736419575625000e+11 2.317142032758750000e+11 7.181285381317138672e+00
2.593973419000000000e+09 3.306525114000000000e+09 3.790430445125000000e+09 1.382857959712500000e+10 3.023017211312500000e+09 3.566101824187500000e+09 9.811400169250000000e+09 2.578967607000000000e+09 2.203364406250000000e+09 1.078703020225000000e+11 5.300269311550000000e+10 5.364042957450000000e+10 2.154634996137500000e+10 2.907906333775000000e+10 4.304111294418750000e+10 1.932783816637500000e+10 1.119415006693750000e+10 1.908137429850000000e+10 2.975271843634375000e+11 5.000951891711250000e+11 5.649672648730625000e+11 2.969631145497500000e+11 3.052585378030625000e+11 2.317827891092500000e+11 7.748964786529541016e+00
2.694289493000000000e+09 3.348203007937500000e+09 3.790430445125000000e+09 1.477261852925000000e+10 3.307714408437500000e+09 3.743968404687500000e+09 1.074334669475000000e+10 2.662346251000000000e+09 2.276012430000000000e+09 1.103612628180000000e+11 5.422198117150000000e+10 5.409172925650000000e+10 2.259099809050000000e+10 3.228169989775000000e+10 4.669162144768750000e+10 2.103523819437500000e+10 1.195767437043750000e+10 1.989970387050000000e+10 3.136375331959375000e+11 5.019568412746250000e+11 5.671800432655000000e+11 3.110684303935000000e+11 3.146548334428125000e+11 2.318188451036875000e+11 8.264458656311035156e+00
2.804027695750000000e+09 3.376807062125000000e+09 3.790430445125000000e+09 1.580131940925000000e+10 3.493928601437500000e+09 3.837415661812500000e+09 1.165805555025000000e+10 2.737300180500000000e+09 2.321065316000000000e+09 1.123075716218750000e+11 5.442297669212500000e+10 5.409172925650000000e+10 2.336082944750000000e+10 3.393419070487500000e+10 5.030764856168750000e+10 2.227036965175000000e+10 1.248397545981250000e+10 2.063081907900000000e+10 3.208887106900625000e+11 5.025747151491250000e+11 5.708021331362500000e+11 3.187042185655000000e+11 3.310093806388125000e+11 2.318372434325625000e+11 8.732563018798828125e+00
2.876753862375000000e+09 3.399939208125000000e+09 3.790430445125000000e+09 1.668303233275000000e+10 3.551895168437500000e+09 3.940169912437500000e+09 1.246233968125000000e+10 2.904801766625000000e+09 2.393115431500000000e+09 1.158818920875000000e+11 5.504285517437500000e+10 5.409308494525000000e+10 2.377361996250000000e+10 3.524155434262500000e+10 5.233109346081250000e+10 2.404299897575000000e+10 1.333994729831250000e+10 2.111679896750000000e+10 3.270893872348125000e+11 5.029495362098750000e+11 5.761163354862500000e+11 3.257816144835000000e+11 3.448919236538125000e+11 2.319471563638125000e+11 9.157636642456054688e+00
2.911174492500000000e+09 3.414675472125000000e+09 3.790430445125000000e+09 1.732367862062500000e+10 3.688521878437500000e+09 4.028847885937500000e+09 1.289629215275000000e+10 3.007840369250000000e+09 2.452847029000000000e+09 1.177999965300000000e+11 5.604647166087500000e+10 5.409595167025000000e+10 2.417935483600000000e+10 3.640127305175000000e+10 5.333401109781250000e+10 2.565645228275000000e+10 1.442982267756250000e+10 2.133957323200000000e+10 3.345218682558125000e+11 5.036011335788750000e+11 5.815035962412500000e+11 3.283373991401250000e+11 3.525846989258125000e+11 2.324249009731875000e+11 9.543632507324218750e+00
2.934970040375000000e+09 3.426479489875000000e+09 3.790430445125000000e+09 1.781155910862500000e+10 3.883690419937500000e+09 4.182382914937500000e+09 1.331705540525000000e+10 3.075328720000000000e+09 2.480630998750000000e+09 1.191980201640000000e+11 5.763341011912500000e+10 5.409595167025000000e+10 2.472476038475000000e+10 3.742859113762500000e+10 5.444947827793750000e+10 2.758977729075000000e+10 1.563452986056250000e+10 2.164455897750000000e+10 3.406161417431875000e+11 5.043078565381250000e+11 5.885721236742500000e+11 3.296680085236250000e+11 3.576739937059375000e+11 2.332567948610000000e+11 9.894144058227539062e+00
2.967314876625000000e+09 3.432562434125000000e+09 3.790430445125000000e+09 1.799240122062500000e+10 4.111523269937500000e+09 4.326191132687500000e+09 1.383790635125000000e+10 3.180087015000000000e+09 2.508050345937500000e+09 1.199638766902500000e+11 5.967092942262500000e+10 5.409595167025000000e+10 2.528105443850000000e+10 3.803171442012500000e+10 5.651219243656250000e+10 2.889885555175000000e+10 1.662646573131250000e+10 2.211838922200000000e+10 3.449020609711875000e+11 5.049917491941250000e+11 5.952623333242500000e+11 3.310413281776250000e+11 3.612330261369375000e+11 2.347815735605000000e+11 1.021243476867675781e+01
2.984226572625000000e+09 3.436037748000000000e+09 3.790430445125000000e+09 1.809390870150000000e+10 4.291879365937500000e+09 4.535499204187500000e+09 1.441999428425000000e+10 3.301290498500000000e+09 2.568360490062500000e+09 1.205251290282500000e+11 6.041849575387500000e+10 5.409595167025000000e+10 2.571098218225000000e+10 3.863356595812500000e+10 5.946840374706250000e+10 3.148276469675000000e+10 1.723101593931250000e+10 2.268637976200000000e+10 3.467997353331875000e+11 5.053359127555000000e+11 6.001590687430000000e+11 3.321664830043750000e+11 3.646656658484375000e+11 2.367619050895000000e+11 1.050146484375000000e+01
3.008204127625000000e+09 3.438026353875000000e+09 3.790430445125000000e+09 1.817050568206250000e+10 4.431050419937500000e+09 4.736596038187500000e+09 1.491328464825000000e+10 3.411092158250000000e+09 2.623661487562500000e+09 1.209923352497500000e+11 6.070620886400000000e+10 5.409595167025000000e+10 2.613075488362500000e+10 3.922270925762500000e+10 6.316400580956250000e+10 3.553807217275000000e+10 1.784321554431250000e+10 2.316313470412500000e+10 3.481770499265625000e+11 5.054952748260000000e+11 6.040204725225000000e+11 3.328550171393750000e+11 3.675200547044375000e+11 2.389401277753750000e+11 1.076392364501953125e+01
3.014572240875000000e+09 3.439784535125000000e+09 3.790430445125000000e+09 1.824194096756250000e+10 4.538319964312500000e+09 4.972106482187500000e+09 1.538807472625000000e+10 3.461820854250000000e+09 2.665979422437500000e+09 1.216126858071250000e+11 6.114251971650000000e+10 5.409595167025000000e+10 2.662522160012500000e+10 3.971298709137500000e+10 6.946024982500000000e+10 3.803721962950000000e+10 1.836467017231250000e+10 2.348230919462500000e+10 3.494391635015625000e+11 5.055268144235000000e+11 6.074543813457500000e+11 3.333538670445000000e+11 3.690124330384375000e+11 2.415529273153750000e+11 1.100225639343261719e+01
3.019531192937500000e+09 3.440866828875000000e+09 3.790430445125000000e+09 1.832192589706250000e+10 4.620742286687500000e+09 5.210401836437500000e+09 1.576092910562500000e+10 3.480560159250000000e+09 2.706454212062500000e+09 1.218825909657500000e+11 6.156102942700000000e+10 5.409595167025000000e+10 2.728133935412500000e+10 4.028663192262500000e+10 7.120590440887500000e+10 4.097729359437500000e+10 1.887688639281250000e+10 2.397616188162500000e+10 3.504520291445625000e+11 5.056414292101250000e+11 6.103588304817500000e+11 3.336802730715000000e+11 3.697018756996875000e+11 2.441494181818750000e+11 1.121867942810058594e+01
3.023740895937500000e+09 3.446255777000000000e+09 3.790430445125000000e+09 1.841272331006250000e+10 4.651805437812500000e+09 5.514053175812500000e+09 1.612547292381250000e+10 3.497626495250000000e+09 2.763559745687500000e+09 1.222151056832500000e+11 6.187405661000000000e+10 5.409595167025000000e+10 2.774725469600000000e+10 4.102511467387500000e+10 7.150762866087500000e+10 4.277792957287500000e+10 1.949331292256250000e+10 2.446057636437500000e+10 3.513189664635625000e+11 5.057784100730000000e+11 6.123824418777500000e+11 3.341068783567500000e+11 3.701427889786875000e+11 2.463325312968750000e+11 1.141520595550537109e+01
3.025711672062500000e+09 3.451840623500000000e+09 3.790430445125000000e+09 1.847208780968750000e+10 4.703401927812500000e+09 5.726462696812500000e+09 1.646950052506250000e+10 3.523773997625000000e+09 2.812107577187500000e+09 1.223577731647500000e+11 6.204363004812500000e+10 5.409595167025000000e+10 2.808795747525000000e+10 4.146142798037500000e+10 7.152208919612500000e+10 4.385307167300000000e+10 2.003964842406250000e+10 2.473875002137500000e+10 3.520551420945625000e+11 5.058305399720000000e+11 6.138022528857500000e+11 3.347032836092500000e+11 3.706930108994375000e+11 2.480342326168750000e+11 1.159366703033447266e+01
3.025711672062500000e+09 3.453678655500000000e+09 3.790430445125000000e+09 1.854627524718750000e+10 4.747542133062500000e+09 5.940789076562500000e+09 1.671609209156250000e+10 3.560557082625000000e+09 2.844055300437500000e+09 1.225384854327500000e+11 6.216379624062500000e+10 5.409595167025000000e+10 2.822441063237500000e+10 4.188565581637500000e+10 7.153573178862500000e+10 4.468334723350000000e+10 2.054612889406250000e+10 2.498465845925000000e+10 3.525789937145625000e+11 5.058436440295000000e+11 6.147777317217500000e+11 3.351700006052500000e+11 3.713816155894375000e+11 2.489531224668750000e+11 1.175572204589843750e+01
3.025711672062500000e+09 3.455238380125000000e+09 3.790430445125000000e+09 1.860865078843750000e+10 4.787783330812500000e+09 6.134490719812500000e+09 1.690308144143750000e+10 3.608684653875000000e+09 2.872520832687500000e+09 1.226755648557500000e+11 6.226214038562500000e+10 5.409595167025000000e+10 2.829257839275000000e+10 4.216330759337500000e+10 7.153573178862500000e+10 4.536934567350000000e+10 2.103916925118750000e+10 2.520917491975000000e+10 3.528884803464375000e+11 5.058577482110000000e+11 6.157893962132500000e+11 3.354723700342500000e+11 3.720494896614375000e+11 2.495565741948750000e+11 1.190287876129150391e+01
3.025711672062500000e+09 3.455238380125000000e+09 3.790430445125000000e+09 1.866488790481250000e+10 4.821564023000000000e+09 6.281277563062500000e+09 1.705482402993750000e+10 3.648033471500000000e+09 2.888728683500000000e+09 1.227278335335000000e+11 6.232677756062500000e+10 5.409595167025000000e+10 2.834989696875000000e+10 4.238848974037500000e+10 7.153753050762500000e+10 4.588049587012500000e+10 2.143616695693750000e+10 2.540245406362500000e+10 3.532240041874375000e+11 5.058767987905000000e+11 6.163747915702500000e+11 3.356947690812500000e+11 3.726316249510625000e+11 2.501245213508750000e+11 1.203650856018066406e+01
3.025711672062500000e+09 3.455238380125000000e+09 3.790430445125000000e+09 1.872440975681250000e+10 4.844863504625000000e+09 6.415148306437500000e+09 1.717327296343750000e+10 3.690664167000000000e+09 2.913008281625000000e+09 1.227890480085000000e+11 6.237256858812500000e+10 5.409595167025000000e+10 2.844348791675000000e+10 4.260899277637500000e+10 7.154147160512500000e+10 4.634538145112500000e+10 2.173510032743750000e+10 2.554934820587500000e+10 3.535752600519375000e+11 5.058903942925000000e+11 6.169735217462500000e+11 3.359584012527500000e+11 3.730263720330625000e+11 2.505437731058750000e+11 1.215785408020019531e+01
3.025711672062500000e+09 3.457363599125000000e+09 3.790430445125000000e+09 1.877235920656250000e+10 4.885811054875000000e+09 6.520346296687500000e+09 1.726722916818750000e+10 3.739498017875000000e+09 2.932455902875000000e+09 1.228377437002500000e+11 6.241899421662500000e+10 5.409595167025000000e+10 2.853460407962500000e+10 4.280161249987500000e+10 7.154147160512500000e+10 4.669874405512500000e+10 2.203031640643750000e+10 2.571582830912500000e+10 3.537672734574375000e+11 5.059159909457500000e+11 6.173996169942500000e+11 3.361483822197500000e+11 3.733406972420625000e+11 2.508917916058750000e+11 1.226804351806640625e+01
3.025711672062500000e+09 3.459165739375000000e+09 3.790430445125000000e+09 1.882603385331250000e+10 4.897663254125000000e+09 6.601298583812500000e+09 1.736530555518750000e+10 3.786461943250000000e+09 2.942831762125000000e+09 1.228773784342500000e+11 6.244014708487500000e+10 5.409595167025000000e+10 2.862069312662500000e+10 4.299563745337500000e+10 7.154147160512500000e+10 4.696148260675000000e+10 2.242886853543750000e+10 2.590510091362500000e+10 3.538199964303125000e+11 5.059450167267500000e+11 6.177619072382500000e+11 3.362763099557500000e+11 3.736510431320625000e+11 2.512587636731250000e+11 1.236810398101806641e+01
3.025711672062500000e+09 3.459165739375000000e+09 3.790430445125000000e+09 1.887873750268750000e+10 4.911430616750000000e+09 6.668904260000000000e+09 1.744698313868750000e+10 3.818178046250000000e+09 2.948318224375000000e+09 1.228891320712500000e+11 6.244490910375000000e+10 5.409595167025000000e+10 2.870787979150000000e+10 4.322543414437500000e+10 7.154147160512500000e+10 4.718020374175000000e+10 2.279461553318750000e+10 2.603650758637500000e+10 3.538548176083125000e+11 5.059643790772500000e+11 6.179955870662500000e+11 3.363857335427500000e+11 3.738886123568125000e+11 2.517024203621250000e+11 1.245896625518798828e+01
3.025711672062500000e+09 3.459165739375000000e+09 3.790430445125000000e+09 1.893436974256250000e+10 4.936438115875000000e+09 6.732280285750000000e+09 1.752234635468750000e+10 3.843664117250000000e+09 2.958946236125000000e+09 1.228998142722500000e+11 6.244490910375000000e+10 5.409595167025000000e+10 2.878723030137500000e+10 4.345703373162500000e+10 7.154147160512500000e+10 4.739133145325000000e+10 2.297321673418750000e+10 2.615929088462500000e+10 3.538836478923125000e+11 5.059721541983750000e+11 6.181357769742500000e+11 3.365102619007500000e+11 3.741078159280625000e+11 2.521166838256250000e+11 1.254147529602050781e+01
3.025711672062500000e+09 3.459165739375000000e+09 3.790430445125000000e+09 1.897675326956250000e+10 4.949606545750000000e+09 6.782759050625000000e+09 1.758868610368750000e+10 3.870205696250000000e+09 2.969429453125000000e+09 1.229036824812500000e+11 6.244490910375000000e+10 5.409595167025000000e+10 2.882121443437500000e+10 4.373563576987500000e+10 7.154281774775000000e+10 4.755130109787500000e+10 2.314927079718750000e+10 2.629447665662500000e+10 3.539112154203125000e+11 5.060064673953750000e+11 6.182637898642500000e+11 3.366040300332500000e+11 3.742701234920625000e+11 2.524522224776250000e+11 1.261639881134033203e+01
3.025711672062500000e+09 3.459165739375000000e+09 3.790430445125000000e+09 1.902032351331250000e+10 4.950599887562500000e+09 6.836919818625000000e+09 1.765643801781250000e+10 3.904218304500000000e+09 2.981991389375000000e+09 1.229093502641875000e+11 6.244609271825000000e+10 5.409595167025000000e+10 2.882121443437500000e+10 4.393639082075000000e+10 7.154281774775000000e+10 4.768996632537500000e+10 2.327240947206250000e+10 2.640952211200000000e+10 3.539538026591875000e+11 5.060358661388750000e+11 6.183787569522500000e+11 3.367219290960000000e+11 3.744273845789375000e+11 2.527614788022500000e+11 1.268443584442138672e+01
3.025711672062500000e+09 3.459165739375000000e+09 3.790430445125000000e+09 1.906199890018750000e+10 4.950599887562500000e+09 6.881028565875000000e+09 1.775171771031250000e+10 3.927422881125000000e+09 2.993208264125000000e+09 1.229109375131875000e+11 6.244797147975000000e+10 5.409595167025000000e+10 2.882286651275000000e+10 4.408925789075000000e+10 7.154535377450000000e+10 4.779753078837500000e+10 2.341029807750000000e+10 2.651604388062500000e+10 3.539741402385625000e+11 5.060753520728750000e+11 6.184844186772500000e+11 3.367872540450000000e+11 3.745823365299375000e+11 2.530495107357500000e+11 1.274621772766113281e+01
3.025711672062500000e+09 3.459165739375000000e+09 3.790430445125000000e+09 1.908621335518750000e+10 4.958024803937500000e+09 6.925749554750000000e+09 1.781240197818750000e+10 3.950092737875000000e+09 2.997971057125000000e+09 1.229109375131875000e+11 6.244797147975000000e+10 5.409595167025000000e+10 2.882286651275000000e+10 4.425680605675000000e+10 7.154960597350000000e+10 4.792426560012500000e+10 2.353388326525000000e+10 2.660019165700000000e+10 3.540029981360625000e+11 5.061033096930000000e+11 6.186012240542500000e+11 3.368905373558750000e+11 3.747630797366875000e+11 2.533459701847500000e+11 1.280231952667236328e+01
3.025711672062500000e+09 3.459165739375000000e+09 3.790430445125000000e+09 1.911628273768750000e+10 4.965163065937500000e+09 6.980864296250000000e+09 1.786058061231250000e+10 3.969613594750000000e+09 3.009839457375000000e+09 1.229144578200625000e+11 6.244797147975000000e+10 5.409595167025000000e+10 2.882448690025000000e+10 4.438800154475000000e+10 7.155383641600000000e+10 4.801621049112500000e+10 2.365128848700000000e+10 2.668865651850000000e+10 3.540424881730625000e+11 5.061226477890000000e+11 6.187153333702500000e+11 3.369526793413750000e+11 3.748835254896875000e+11 2.536459044107500000e+11 1.285326480865478516e+01
3.025711672062500000e+09 3.459165739375000000e+09 3.790430445125000000e+09 1.913558691731250000e+10 4.970697598937500000e+09 7.015620823437500000e+09 1.790948262581250000e+10 3.989601696875000000e+09 3.016236000375000000e+09 1.229210250370625000e+11 6.244994494662500000e+10 5.409595167025000000e+10 2.883044451887500000e+10 4.451096908925000000e+10 7.155562185012500000e+10 4.810749267700000000e+10 2.375298928218750000e+10 2.677324256950000000e+10 3.540699293220625000e+11 5.061345473875000000e+11 6.187867428122500000e+11 3.370030728263125000e+11 3.750230166240625000e+11 2.539172159387500000e+11 1.289952659606933594e+01
3.025711672062500000e+09 3.459165739375000000e+09 3.790430445125000000e+09 1.915862246362500000e+10 4.975858826812500000e+09 7.033789739312500000e+09 1.795787693937500000e+10 3.996770759875000000e+09 3.024666676375000000e+09 1.229247071428125000e+11 6.244994494662500000e+10 5.409595167025000000e+10 2.883349754062500000e+10 4.460030911175000000e+10 7.156032036600000000e+10 4.824171077150000000e+10 2.390466649568750000e+10 2.683740699550000000e+10 3.540920858400625000e+11 5.061419639965000000e+11 6.188163893012500000e+11 3.370623375053125000e+11 3.751412680330625000e+11 2.541437966012500000e+11 1.294153499603271484e+01
3.025711672062500000e+09 3.459165739375000000e+09 3.790430445125000000e+09 1.918280234125000000e+10 4.975858826812500000e+09 7.054237111937500000e+09 1.798811430737500000e+10 4.005760933125000000e+09 3.029848195625000000e+09 1.229264567139375000e+11 6.245236768237500000e+10 5.409595167025000000e+10 2.883985411875000000e+10 4.470981848150000000e+10 7.156156919812500000e+10 4.834027286900000000e+10 2.404052343243750000e+10 2.694289527150000000e+10 3.541133865835625000e+11 5.061652717915000000e+11 6.188410048322500000e+11 3.371288688188125000e+11 3.752800260699375000e+11 2.543481628327500000e+11 1.297968292236328125e+01
3.025711672062500000e+09 3.459165739375000000e+09 3.790430445125000000e+09 1.919467977275000000e+10 4.975858826812500000e+09 7.068727212437500000e+09 1.802651957875000000e+10 4.013748434125000000e+09 3.034255027500000000e+09 1.229278315754375000e+11 6.245372134375000000e+10 5.409595167025000000e+10 2.884978969612500000e+10 4.476086949750000000e+10 7.156156919812500000e+10 4.845133283637500000e+10 2.417388392118750000e+10 2.699402136100000000e+10 3.541399715365625000e+11 5.061736921157500000e+11 6.188866641282500000e+11 3.371978578835625000e+11 3.753882165309375000e+11 2.545479556602500000e+11 1.301432228088378906e+01
3.025711672062500000e+09 3.459165739375000000e+09 3.790430445125000000e+09 1.921738646025000000e+10 4.979544537812500000e+09 7.085690794437500000e+09 1.806105834462500000e+10 4.017591282875000000e+09 3.039905367625000000e+09 1.229409266288125000e+11 6.245372134375000000e+10 5.409595167025000000e+10 2.885401949912500000e+10 4.481964440600000000e+10 7.156534357150000000e+10 4.851390078762500000e+10 2.430974140593750000e+10 2.706408988300000000e+10 3.541514309185625000e+11 5.061736921157500000e+11 6.189168543002500000e+11 3.372384471755625000e+11 3.754590150424375000e+11 2.547073541162500000e+11 1.304577827453613281e+01
3.025711672062500000e+09 3.459165739375000000e+09 3.790430445125000000e+09 1.922776138000000000e+10 4.986355236687500000e+09 7.100194187125000000e+09 1.809191314050000000e+10 4.028898138625000000e+09 3.051641048375000000e+09 1.229458423538125000e+11 6.245372134375000000e+10 5.409595167025000000e+10 2.885613878262500000e+10 4.486518379550000000e+10 7.157071435650000000e+10 4.860250433187500000e+10 2.444034099843750000e+10 2.711819487500000000e+10 3.541716687653125000e+11 5.061758504735000000e+11 6.189456565135000000e+11 3.372724248255625000e+11 3.755093839069375000e+11 2.548590581208750000e+11 1.307434272766113281e+01
3.025711672062500000e+09 3.459165739375000000e+09 3.790430445125000000e+09 1.923533922875000000e+10 4.990294296937500000e+09 7.110534682500000000e+09 1.811489067412500000e+10 4.039228716750000000e+09 3.054300812375000000e+09 1.229501432301875000e+11 6.245372134375000000e+10 5.409595167025000000e+10 2.885850640062500000e+10 4.490798534312500000e+10 7.157217057562500000e+10 4.868543718668750000e+10 2.455536620993750000e+10 2.717209467000000000e+10 3.541984832513125000e+11 5.061800107460000000e+11 6.189684076521250000e+11 3.373081682715625000e+11 3.755626306006875000e+11 2.550214655748750000e+11 1.310028076171875000e+01
3.025711672062500000e+09 3.459165739375000000e+09 3.790430445125000000e+09 1.925167220525000000e+10 4.993809194937500000e+09 7.119838698437500000e+09 1.814213589637500000e+10 4.051615077500000000e+09 3.064212590750000000e+09 1.229518482060625000e+11 6.245372134375000000e+10 5.409595167025000000e+10 2.886396268237500000e+10 4.494494987362500000e+10 7.157545412187500000e+10 4.876638300543750000e+10 2.466602635793750000e+10 2.719069078743750000e+10 3.542145806023125000e+11 5.061822934407500000e+11 6.189834617163750000e+11 3.373500186600625000e+11 3.756195845962500000e+11 2.551764483353750000e+11 1.312383460998535156e+01
3.025711672062500000e+09 3.459165739375000000e+09 3.790430445125000000e+09 1.925571904775000000e+10 5.000228354687500000e+09 7.127617567812500000e+09 1.816276658412500000e+10 4.056618236812500000e+09 3.072403725625000000e+09 1.229518482060625000e+11 6.245372134375000000e+10 5.409595167025000000e+10 2.886396268237500000e+10 4.497557549087500000e+10 7.158207503737500000e+10 4.884812067043750000e+10 2.477319877193750000e+10 2.722246494643750000e+10 3.542432389986875000e+11 5.061822934407500000e+11 6.189958021266250000e+11 3.373878791520625000e+11 3.756586580325000000e+11 2.552793466621250000e+11 1.314522361755371094e+01
3.025711672062500000e+09 3.459165739375000000e+09 3.790430445125000000e+09 1.926373623900000000e+10 5.009560044437500000e+09 7.133738275062500000e+09 1.817526908875000000e+10 4.064579001187500000e+09 3.077789754500000000e+09 1.229530554921875000e+11 6.245372134375000000e+10 5.409595167025000000e+10 2.886396268237500000e+10 4.499901387112500000e+10 7.158651142337500000e+10 4.892909796581250000e+10 2.487326142218750000e+10 2.724405892893750000e+10 3.542621994366875000e+11 5.061822934407500000e+11 6.190165750041250000e+11 3.374150293703125000e+11 3.756990184761250000e+11 2.553722799412500000e+11 1.316464519500732422e+01
3.025711672062500000e+09 3.459165739375000000e+09 3.790430445125000000e+09 1.927464548050000000e+10 5.009560044437500000e+09 7.143386506187500000e+09 1.818778651850000000e+10 4.075447664562500000e+09 3.082380408000000000e+09 1.229545302064375000e+11 6.245372134375000000e+10 5.409595167025000000e+10 2.886655998312500000e+10 4.503060943012500000e+10 7.159292024050000000e+10 4.900384035718750000e+10 2.497328278668750000e+10 2.726482099018750000e+10 3.542757345811875000e+11 5.061892562103750000e+11 6.190391235251250000e+11 3.374464788143125000e+11 3.757336764277500000e+11 2.554761803672500000e+11 1.318228244781494141e+01
3.025711672062500000e+09 3.459165739375000000e+09 3.790430445125000000e+09 1.928687156250000000e+10 5.011243502187500000e+09 7.144534698812500000e+09 1.820092870637500000e+10 4.079406145812500000e+09 3.085440759750000000e+09 1.229568592874375000e+11 6.245372134375000000e+10 5.409595167025000000e+10 2.886961661662500000e+10 4.504716500150000000e+10 7.159960643950000000e+10 4.907191041518750000e+10 2.507592031318750000e+10 2.728268748118750000e+10 3.542898674975625000e+11 5.061930410673750000e+11 6.190533023551250000e+11 3.374911803096875000e+11 3.757520591651250000e+11 2.555619620942500000e+11 1.319829750061035156e+01
3.025711672062500000e+09 3.459165739375000000e+09 3.790430445125000000e+09 1.929640160562500000e+10 5.016335802062500000e+09 7.151732893937500000e+09 1.822554394831250000e+10 4.090578777312500000e+09 3.092298508000000000e+09 1.229568592874375000e+11 6.245372134375000000e+10 5.409595167025000000e+10 2.887084103725000000e+10 4.506873794650000000e+10 7.160297229225000000e+10 4.914509236568750000e+10 2.515319987231250000e+10 2.730917207268750000e+10 3.542985162459375000e+11 5.061969167652500000e+11 6.190676248431250000e+11 3.375265457296875000e+11 3.757781733452500000e+11 2.556460645906250000e+11 1.321284103393554688e+01
3.025711672062500000e+09 3.459165739375000000e+09 3.790430445125000000e+09 1.930175163306250000e+10 5.019409884562500000e+09 7.157686079437500000e+09 1.823853384631250000e+10 4.092697160812500000e+09 3.098496701625000000e+09 1.229568592874375000e+11 6.245372134375000000e+10 5.409595167025000000e+10 2.887335794850000000e+10 4.508394052900000000e+10 7.161054096875000000e+10 4.919714384968750000e+10 2.522538126218750000e+10 2.732369823093750000e+10 3.543026257489375000e+11 5.062035780412500000e+11 6.190763881531250000e+11 3.375455534715625000e+11 3.758025313372500000e+11 2.557040526431250000e+11 1.322604751586914062e+01
3.025711672062500000e+09 3.459165739375000000e+09 3.790430445125000000e+09 1.930606824031250000e+10 5.022417987562500000e+09 7.162002707437500000e+09 1.825772203256250000e+10 4.097505525937500000e+09 3.104202423937500000e+09 1.229568592874375000e+11 6.245372134375000000e+10 5.409595167025000000e+10 2.887733673625000000e+10 4.511061670512500000e+10 7.162277287975000000e+10 4.924530887568750000e+10 2.527088144756250000e+10 2.733775093193750000e+10 3.543041344226875000e+11 5.062056664995000000e+11 6.190890835780000000e+11 3.375822781723125000e+11 3.758262418142500000e+11 2.557665629501250000e+11 1.323803997039794922e+01
3.025711672062500000e+09 3.459165739375000000e+09 3.790430445125000000e+09 1.931195332793750000e+10 5.023508812187500000e+09 7.166936432312500000e+09 1.827139298193750000e+10 4.103029863937500000e+09 3.105673320812500000e+09 1.229568592874375000e+11 6.245372134375000000e+10 5.409595167025000000e+10 2.888019120000000000e+10 4.513398611987500000e+10 7.162830055425000000e+10 4.928807989118750000e+10 2.531056156956250000e+10 2.735257919943750000e+10 3.543095672575625000e+11 5.062085198240000000e+11 6.191041605225000000e+11 3.376013687888125000e+11 3.758492632257500000e+11 2.558042794797500000e+11 1.324892902374267578e+01
3.025711672062500000e+09 3.459165739375000000e+09 3.790430445125000000e+09 1.931729928943750000e+10 5.025003301437500000e+09 7.169910676375000000e+09 1.828609009243750000e+10 4.104978390437500000e+09 3.109431796437500000e+09 1.229568592874375000e+11 6.245372134375000000e+10 5.409595167025000000e+10 2.888477983150000000e+10 4.515195155637500000e+10 7.163530522325000000e+10 4.933042336568750000e+10 2.533672794181250000e+10 2.736432021543750000e+10 3.543127121269375000e+11 5.062085198240000000e+11 6.191221060940000000e+11 3.376179346548125000e+11 3.758609468206250000e+11 2.558546993097500000e+11 1.325881767272949219e+01
3.025711672062500000e+09 3.459165739375000000e+09 3.790430445125000000e+09 1.932429432793750000e+10 5.025003301437500000e+09 7.174942135375000000e+09 1.829477970931250000e+10 4.106829651937500000e+09 3.110633034937500000e+09 1.229581878558125000e+11 6.245372134375000000e+10 5.409595167025000000e+10 2.888477983150000000e+10 4.516936836400000000e+10 7.164241885075000000e+10 4.937730155868750000e+10 2.539959341431250000e+10 2.737650840893750000e+10 3.543165883629375000e+11 5.062100667898750000e+11 6.191281709257500000e+11 3.376293976960625000e+11 3.758878171737500000e+11 2.558992781777500000e+11 1.326779747009277344e+01
3.025711672062500000e+09 3.459165739375000000e+09 3.790430445125000000e+09 1.932951507493750000e+10 5.025003301437500000e+09 7.180015423812500000e+09 1.830487179931250000e+10 4.109079415437500000e+09 3.114328087687500000e+09 1.229581878558125000e+11 6.245372134375000000e+10 5.409595167025000000e+10 2.888891664237500000e+10 4.518373041300000000e+10 7.164534142775000000e+10 4.940780577968750000e+10 2.544080139368750000e+10 2.738801879193750000e+10 3.543187902174375000e+11 5.062118118847500000e+11 6.191365029445000000e+11 3.376480841055625000e+11 3.759028769748750000e+11 2.559446198517500000e+11 1.327595233917236328e+01
3.025711672062500000e+09 3.459165739375000000e+09 3.790430445125000000e+09 1.933338445306250000e+10 5.027503672562500000e+09 7.182551490312500000e+09 1.831511530893750000e+10 4.110995283812500000e+09 3.115972290187500000e+09 1.229581878558125000e+11 6.245372134375000000e+10 5.409595167025000000e+10 2.889359106387500000e+10 4.519744319350000000e+10 7.165134967225000000e+10 4.943752684031250000e+10 2.548228547493750000e+10 2.740599853443750000e+10 3.543229626455625000e+11 5.062118118847500000e+11 6.191379621526250000e+11 3.376594947543125000e+11 3.759275277782500000e+11 2.559801292737500000e+11 1.328335666656494141e+01
3.025711672062500000e+09 3.459165739375000000e+09 3.790430445125000000e+09 1.933885225768750000e+10 5.029011569187500000e+09 7.186613803187500000e+09 1.832321838093750000e+10 4.112898567187500000e+09 3.117170873187500000e+09 1.229581878558125000e+11 6.245372134375000000e+10 5.409595167025000000e+10 2.890884391212500000e+10 4.521010247300000000e+10 7.165818312025000000e+10 4.947006854418750000e+10 2.551732005368750000e+10 2.742053460056250000e+10 3.543273483365625000e+11 5.062118118847500000e+11 6.191410659453750000e+11 3.376706235575625000e+11 3.759399183128750000e+11 2.560238744707500000e+11 1.329008007049560547e+01
3.025711672062500000e+09 3.459165739375000000e+09 3.790430445125000000e+09 1.933885225768750000e+10 5.032413401562500000e+09 7.188143939937500000e+09 1.832727808118750000e+10 4.114688803812500000e+09 3.118555582187500000e+09 1.229581878558125000e+11 6.245372134375000000e+10 5.409595167025000000e+10 2.891415304975000000e+10 4.522251731525000000e+10 7.166085892375000000e+10 4.950657523718750000e+10 2.554669132768750000e+10 2.742928426893750000e+10 3.543287177449375000e+11 5.062148594900000000e+11 6.191410659453750000e+11 3.376792606225625000e+11 3.759569446293750000e+11 2.560582129137500000e+11 1.329618644714355469e+01
3.025711672062500000e+09 3.459165739375000000e+09 3.790430445125000000e+09 1.933885225768750000e+10 5.032413401562500000e+09 7.189766599812500000e+09 1.833781626531250000e+10 4.116110459562500000e+09 3.120205297437500000e+09 1.229581878558125000e+11 6.245372134375000000e+10 5.409595167025000000e+10 2.891577160837500000e+10 4.523372101725000000e+10 7.166678476725000000e+10 4.952589190718750000e+10 2.556615137618750000e+10 2.743725941006250000e+10 3.543327948804375000e+11 5.062148594900000000e+11 6.191410659453750000e+11 3.376936418026875000e+11 3.759633246696250000e+11 2.560762357498750000e+11 1.330173015594482422e+01
3.025711672062500000e+09 3.459165739375000000e+09 3.790430445125000000e+09 1.934165993443750000e+10 5.032413401562500000e+09 7.189766599812500000e+09 1.834061022131250000e+10 4.118069772312500000e+09 3.123661713062500000e+09 1.229581878558125000e+11 6.245372134375000000e+10 5.409595167025000000e+10 2.892077412087500000e+10 4.524638800925000000e+10 7.167139584025000000e+10 4.954458102687500000e+10 2.559143410481250000e+10 2.744533648006250000e+10 3.543406295129375000e+11 5.062148594900000000e+11 6.191435152648750000e+11 3.377021030628125000e+11 3.759710489701250000e+11 2.561078554513750000e+11 1.330676555633544922e+01
3.025711672062500000e+09 3.459165739375000000e+09 3.790430445125000000e+09 1.934526074918750000e+10 5.032413401562500000e+09 7.189766599812500000e+09 1.834586125668750000e+10 4.118929186875000000e+09 3.124685111562500000e+09 1.229581878558125000e+11 6.245372134375000000e+10 5.409595167025000000e+10 2.892450488037500000e+10 4.525944550762500000e+10 7.167139584025000000e+10 4.957124939587500000e+10 2.561129843081250000e+10 2.744845911581250000e+10 3.543447913931875000e+11 5.062148594900000000e+11 6.191435152648750000e+11 3.377074746209375000e+11 3.759747834006250000e+11 2.561397124953750000e+11 1.331133747100830078e+01
3.025711672062500000e+09 3.459165739375000000e+09 3.790430445125000000e+09 1.934689531856250000e+10 5.032413401562500000e+09 7.189766599812500000e+09 1.834841021918750000e+10 4.118929186875000000e+09 3.124685111562500000e+09 1.229581878558125000e+11 6.245372134375000000e+10 5.409595167025000000e+10 2.892450488037500000e+10 4.526756313225000000e+10 7.167330677475000000e+10 4.957747278562500000e+10 2.562450841768750000e+10 2.745175853856250000e+10 3.543508238931875000e+11 5.062148594900000000e+11 6.191454580892500000e+11 3.377199925599375000e+11 3.759867568376250000e+11 2.561624484523750000e+11 1.331548881530761719e+01
3.025711672062500000e+09 3.459165739375000000e+09 3.790430445125000000e+09 1.934928765543750000e+10 5.034136450187500000e+09 7.190775031375000000e+09 1.835406605912500000e+10 4.118929186875000000e+09 3.124685111562500000e+09 1.229581878558125000e+11 6.245372134375000000e+10 5.409595167025000000e+10 2.893059549587500000e+10 4.527339623475000000e+10 7.167330677475000000e+10 4.959808508937500000e+10 2.564478148956250000e+10 2.746016528731250000e+10 3.543508238931875000e+11 5.062148594900000000e+11 6.191491799835000000e+11 3.377254583658125000e+11 3.759943170493750000e+11 2.561816399022500000e+11 1.331925868988037109e+01
3.025711672062500000e+09 3.459165739375000000e+09 3.790430445125000000e+09 1.934928765543750000e+10 5.034136450187500000e+09 7.191974516625000000e+09 1.835933380287500000e+10 4.118929186875000000e+09 3.127280075812500000e+09 1.229581878558125000e+11 6.245372134375000000e+10 5.409595167025000000e+10 2.893409138987500000e+10 4.527590177668750000e+10 7.167655789350000000e+10 4.961123126900000000e+10 2.565021438456250000e+10 2.746309614706250000e+10 3.543552660475625000e+11 5.062173173130000000e+11 6.191491799835000000e+11 3.377340482574375000e+11 3.760081145110000000e+11 2.561862423952500000e+11 1.332268238067626953e+01
3.025711672062500000e+09 3.459165739375000000e+09 3.790430445125000000e+09 1.935093092118750000e+10 5.034136450187500000e+09 7.191974516625000000e+09 1.836903539150000000e+10 4.118929186875000000e+09 3.127280075812500000e+09 1.229581878558125000e+11 6.245372134375000000e+10 5.409595167025000000e+10 2.893750903487500000e+10 4.528084538268750000e+10 7.167655789350000000e+10 4.962539696250000000e+10 2.566665803181250000e+10 2.746877911106250000e+10 3.543581262016875000e+11 5.062173173130000000e+11 6.191491799835000000e+11 3.377414478968125000e+11 3.760221566131250000e+11 2.562102091282500000e+11 1.332579135894775391e+01
3.025711672062500000e+09 3.459165739375000000e+09 3.790430445125000000e+09 1.935682584806250000e+10 5.034136450187500000e+09 7.191974516625000000e+09 1.837414399325000000e+10 4.120712638375000000e+09 3.128297891750000000e+09 1.229581878558125000e+11 6.245372134375000000e+10 5.409595167025000000e+10 2.894086130137500000e+10 4.528625474268750000e+10 7.167743934987500000e+10 4.963596793650000000e+10 2.567632106868750000e+10 2.747120929656250000e+10 3.543597367194375000e+11 5.062173173130000000e+11 6.191491799835000000e+11 3.377461047385625000e+11 3.760284560686250000e+11 2.562301961107500000e+11 1.332861423492431641e+01
3.025711672062500000e+09 3.459165739375000000e+09 3.790430445125000000e+09 1.935817434218750000e+10 5.034136450187500000e+09 7.191974516625000000e+09 1.837564906112500000e+10 4.124060705000000000e+09 3.129091481687500000e+09 1.229581878558125000e+11 6.245372134375000000e+10 5.409595167025000000e+10 2.894086130137500000e+10 4.529038121756250000e+10 7.168119435712500000e+10 4.964948493825000000e+10 2.568922514793750000e+10 2.747387094443750000e+10 3.543646658300625000e+11 5.062173173130000000e+11 6.191546642532500000e+11 3.377547131306875000e+11 3.760322016841875000e+11 2.562473896307500000e+11 1.333117771148681641e+01
3.025711672062500000e+09 3.459165739375000000e+09 3.790430445125000000e+09 1.935817434218750000e+10 5.034136450187500000e+09 7.192979169687500000e+09 1.837853890987500000e+10 4.124060705000000000e+09 3.129091481687500000e+09 1.229581878558125000e+11 6.245372134375000000e+10 5.409595167025000000e+10 2.894570829387500000e+10 4.529582589856250000e+10 7.168320694212500000e+10 4.965699473900000000e+10 2.569935053893750000e+10 2.748314802368750000e+10 3.543662230661875000e+11 5.062173173130000000e+11 6.191546642532500000e+11 3.377616506451875000e+11 3.760346041011875000e+11 2.562661134246250000e+11 1.333350467681884766e+01
3.025711672062500000e+09 3.459165739375000000e+09 3.790430445125000000e+09 1.935943768156250000e+10 5.034136450187500000e+09 7.195196977937500000e+09 1.838324359500000000e+10 4.124060705000000000e+09 3.129091481687500000e+09 1.229581878558125000e+11 6.245372134375000000e+10 5.409595167025000000e+10 2.894982054875000000e+10 4.529752615693750000e+10 7.168587548012500000e+10 4.965846343175000000e+10 2.570429715093750000e+10 2.748424832156250000e+10 3.543676470098125000e+11 5.062173173130000000e+11 6.191565090020000000e+11 3.377662904260625000e+11 3.760375208791875000e+11 2.562800764561250000e+11 1.333561897277832031e+01
3.025711672062500000e+09 3.459165739375000000e+09 3.790430445125000000e+09 1.936235167306250000e+10 5.036119320812500000e+09 7.198225467187500000e+09 1.838505058412500000e+10 4.124060705000000000e+09 3.129091481687500000e+09 1.229581878558125000e+11 6.245372134375000000e+10 5.409595167025000000e+10 2.895078367606250000e+10 4.529927838531250000e+10 7.168779188600000000e+10 4.967640332975000000e+10 2.571450199418750000e+10 2.748616962681250000e+10 3.543676470098125000e+11 5.062173173130000000e+11 6.191565090020000000e+11 3.377719991271875000e+11 3.760429829916875000e+11 2.562984552686250000e+11 1.333753871917724609e+01
3.025711672062500000e+09 3.459165739375000000e+09 3.790430445125000000e+09 1.936357681268750000e+10 5.036119320812500000e+09 7.198225467187500000e+09 1.838875002412500000e+10 4.124060705000000000e+09 3.129091481687500000e+09 1.229581878558125000e+11 6.245372134375000000e+10 5.409595167025000000e+10 2.895242128393750000e+10 4.530081534268750000e+10 7.169059298850000000e+10 4.968192010662500000e+10 2.572289925931250000e+10 2.749007819731250000e+10 3.543676470098125000e+11 5.062173173130000000e+11 6.191565090020000000e+11 3.377719991271875000e+11 3.760450518633125000e+11 2.563031591613750000e+11 1.333928108215332031e+01
3.025711672062500000e+09 3.459165739375000000e+09 3.790430445125000000e+09 1.936705998118750000e+10 5.036119320812500000e+09 7.198225467187500000e+09 1.839597335812500000e+10 4.124060705000000000e+09 3.130986329187500000e+09 1.229581878558125000e+11 6.245372134375000000e+10 5.409595167025000000e+10 2.895387624093750000e+10 4.530293012093750000e+10 7.169592353800000000e+10 4.968731438187500000e+10 2.573038735712500000e+10 2.749007819731250000e+10 3.543676470098125000e+11 5.062173173130000000e+11 6.191565090020000000e+11 3.377756960161875000e+11 3.760464949326875000e+11 2.563130763750000000e+11 1.334086418151855469e+01
3.025711672062500000e+09 3.459165739375000000e+09 3.790430445125000000e+09 1.936705998118750000e+10 5.036119320812500000e+09 7.198225467187500000e+09 1.839858084287500000e+10 4.124060705000000000e+09 3.130986329187500000e+09 1.229581878558125000e+11 6.245372134375000000e+10 5.409595167025000000e+10 2.895387624093750000e+10 4.530446141843750000e+10 7.169592353800000000e+10 4.969273714225000000e+10 2.573337385562500000e+10 2.749007819731250000e+10 3.543692850846875000e+11 5.062173173130000000e+11 6.191574331905625000e+11 3.377777477110625000e+11 3.760476819048125000e+11 2.563236773061250000e+11 1.334230136871337891e+01
3.025711672062500000e+09 3.459165739375000000e+09 3.790430445125000000e+09 1.936705998118750000e+10 5.037900342812500000e+09 7.198225467187500000e+09 1.839858084287500000e+10 4.125912202000000000e+09 3.130986329187500000e+09 1.229581878558125000e+11 6.245372134375000000e+10 5.409595167025000000e+10 2.895584617381250000e+10 4.530762006018750000e+10 7.169759334625000000e+10 4.969808882862500000e+10 2.574270506687500000e+10 2.749135295443750000e+10 3.543704433551875000e+11 5.062173173130000000e+11 6.191591749218125000e+11 3.377813561300625000e+11 3.760500798004375000e+11 2.563323044045000000e+11 1.334360694885253906e+01
3.025711672062500000e+09 3.459165739375000000e+09 3.790430445125000000e+09 1.936705998118750000e+10 5.037900342812500000e+09 7.198225467187500000e+09 1.840018682737500000e+10 4.125912202000000000e+09 3.130986329187500000e+09 1.229581878558125000e+11 6.245372134375000000e+10 5.409595167025000000e+10 2.895704773868750000e+10 4.530955819268750000e+10 7.169902285862500000e+10 4.969930780225000000e+10 2.574270506687500000e+10 2.749314346468750000e+10 3.543704433551875000e+11 5.062173173130000000e+11 6.191591749218125000e+11 3.377865780936875000e+11 3.760548527409375000e+11 2.563402619105000000e+11 1.334479141235351562e+01
3.025711672062500000e+09 3.459165739375000000e+09 3.790430445125000000e+09 1.936705998118750000e+10 5.037900342812500000e+09 7.198225467187500000e+09 1.840300582975000000e+10 4.125912202000000000e+09 3.130986329187500000e+09 1.229581878558125000e+11 6.245372134375000000e+10 5.409595167025000000e+10 2.895704773868750000e+10 4.531111975068750000e+10 7.170018048475000000e+10 4.970608495900000000e+10 2.574431244762500000e+10 2.749314346468750000e+10 3.543704433551875000e+11 5.062173173130000000e+11 6.191591749218125000e+11 3.377865780936875000e+11 3.760548527409375000e+11 2.563493003310000000e+11 1.334586811065673828e+01
3.025711672062500000e+09 3.459165739375000000e+09 3.790430445125000000e+09 1.936705998118750000e+10 5.037900342812500000e+09 7.198225467187500000e+09 1.840300582975000000e+10 4.125912202000000000e+09 3.133321390187500000e+09 1.229581878558125000e+11 6.245372134375000000e+10 5.409595167025000000e+10 2.895704773868750000e+10 4.531282046281250000e+10 7.170018048475000000e+10 4.971215918537500000e+10 2.574803621962500000e+10 2.749464793993750000e+10 3.543704433551875000e+11 5.062173173130000000e+11 6.191591749218125000e+11 3.377887490201875000e+11 3.760548527409375000e+11 2.563493003310000000e+11 1.334684562683105469e+01
3.025711672062500000e+09 3.459165739375000000e+09 3.790430445125000000e+09 1.936705998118750000e+10 5.037900342812500000e+09 7.198225467187500000e+09 1.840638217712500000e+10 4.125912202000000000e+09 3.133321390187500000e+09 1.229581878558125000e+11 6.245372134375000000e+10 5.409595167025000000e+10 2.895704773868750000e+10 4.531548021218750000e+10 7.170018048475000000e+10 4.971387930937500000e+10 2.575336357175000000e+10 2.749808289018750000e+10 3.543704433551875000e+11 5.062173173130000000e+11 6.191612812423125000e+11 3.377909927634375000e+11 3.760583660520625000e+11 2.563574545120000000e+11 1.334773254394531250e+01
3.025711672062500000e+09 3.459165739375000000e+09 3.790430445125000000e+09 1.936705998118750000e+10 5.037900342812500000e+09 7.198225467187500000e+09 1.840638217712500000e+10 4.125912202000000000e+09 3.133321390187500000e+09 1.229581878558125000e+11 6.245372134375000000e+10 5.409595167025000000e+10 2.895704773868750000e+10 4.531548021218750000e+10 7.170264993075000000e+10 4.971387930937500000e+10 2.575625834500000000e+10 2.749808289018750000e+10 3.543704433551875000e+11 5.062173173130000000e+11 6.191635960890625000e+11 3.377909927634375000e+11 3.760583660520625000e+11 2.563593925156250000e+11 1.334853839874267578e+01
3.025711672062500000e+09 3.459165739375000000e+09 3.790430445125000000e+09 1.936705998118750000e+10 5.037900342812500000e+09 7.198225467187500000e+09 1.840638217712500000e+10 4.125912202000000000e+09 3.133321390187500000e+09 1.229581878558125000e+11 6.245372134375000000e+10 5.409595167025000000e+10 2.895854012206250000e+10 4.531548021218750000e+10 7.170402483825000000e+10 4.971548150600000000e+10 2.576658282625000000e+10 2.750557963356250000e+10 3.543721036004375000e+11 5.062173173130000000e+11 6.191635960890625000e+11 3.377961578004375000e+11 3.760596322448125000e+11 2.563697865511250000e+11 1.334926986694335938e+01
3.025711672062500000e+09 3.459165739375000000e+09 3.790430445125000000e+09 1.936705998118750000e+10 5.037900342812500000e+09 7.199763874687500000e+09 1.840754430325000000e+10 4.125912202000000000e+09 3.133321390187500000e+09 1.229581878558125000e+11 6.245372134375000000e+10 5.409595167025000000e+10 2.895972791056250000e+10 4.531548021218750000e+10 7.170402483825000000e+10 4.972067078962500000e+10 2.576658282625000000e+10 2.750557963356250000e+10 3.543734782574375000e+11 5.062173173130000000e+11 6.191635960890625000e+11 3.377961578004375000e+11 3.760699782040625000e+11 2.563792388651250000e+11 1.334993457794189453e+01
3.025711672062500000e+09 3.459165739375000000e+09 3.790430445125000000e+09 1.936705998118750000e+10 5.037900342812500000e+09 7.199763874687500000e+09 1.840754430325000000e+10 4.125912202000000000e+09 3.133321390187500000e+09 1.229581878558125000e+11 6.245372134375000000e+10 5.409595167025000000e+10 2.896120923606250000e+10 4.531548021218750000e+10 7.170402483825000000e+10 4.972067078962500000e+10 2.577392280450000000e+10 2.750557963356250000e+10 3.543734782574375000e+11 5.062173173130000000e+11 6.191635960890625000e+11 3.377961578004375000e+11 3.760724054475625000e+11 2.563792388651250000e+11 1.335053825378417969e+01
3.025711672062500000e+09 3.459165739375000000e+09 3.790430445125000000e+09 1.936854534568750000e+10 5.037900342812500000e+09 7.199763874687500000e+09 1.840878787125000000e+10 4.127448474125000000e+09 3.133321390187500000e+09 1.229581878558125000e+11 6.245372134375000000e+10 5.409595167025000000e+10 2.896476874206250000e+10 4.531548021218750000e+10 7.170402483825000000e+10 4.972348182337500000e+10 2.577514090350000000e+10 2.750774834506250000e+10 3.543734782574375000e+11 5.062173173130000000e+11 6.191635960890625000e+11 3.378002742514375000e+11 3.760771425156875000e+11 2.563857203310000000e+11 1.335108566284179688e+01
3.025711672062500000e+09 3.459165739375000000e+09 3.790430445125000000e+09 1.936854534568750000e+10 5.037900342812500000e+09 7.199763874687500000e+09 1.841030818575000000e+10 4.127448474125000000e+09 3.133321390187500000e+09 1.229581878558125000e+11 6.245372134375000000e+10 5.409595167025000000e+10 2.896476874206250000e+10 4.531548021218750000e+10 7.170402483825000000e+10 4.972348182337500000e+10 2.577659527375000000e+10 2.750774834506250000e+10 3.543760377999375000e+11 5.062173173130000000e+11 6.191635960890625000e+11 3.378002742514375000e+11 3.760771425156875000e+11 2.563908794200000000e+11 1.335158348083496094e+01
3.025711672062500000e+09 3.459165739375000000e+09 3.790430445125000000e+09 1.936854534568750000e+10 5.039303010437500000e+09 7.199763874687500000e+09 1.841188287887500000e+10 4.127448474125000000e+09 3.133321390187500000e+09 1.229581878558125000e+11 6.245372134375000000e+10 5.409595167025000000e+10 2.896684851543750000e+10 4.531548021218750000e+10 7.170566426100000000e+10 4.972524997287500000e+10 2.577659527375000000e+10 2.750907498581250000e+10 3.543760377999375000e+11 5.062173173130000000e+11 6.191635960890625000e+11 3.378049384169375000e+11 3.760807133578125000e+11 2.563998659052500000e+11 1.335203552246093750e+01
3.025711672062500000e+09 3.459165739375000000e+09 3.790430445125000000e+09 1.936854534568750000e+10 5.039303010437500000e+09 7.199763874687500000e+09 1.841188287887500000e+10 4.127448474125000000e+09 3.133321390187500000e+09 1.229581878558125000e+11 6.245372134375000000e+10 5.409595167025000000e+10 2.896767661775000000e+10 4.531548021218750000e+10 7.170566426100000000e+10 4.972524997287500000e+10 2.577838767500000000e+10 2.750907498581250000e+10 3.543760377999375000e+11 5.062173173130000000e+11 6.191635960890625000e+11 3.378049384169375000e+11 3.760807133578125000e+11 2.564007838791875000e+11 1.335244560241699219e+01
3.025711672062500000e+09 3.459165739375000000e+09 3.790430445125000000e+09 1.936854534568750000e+10 5.039303010437500000e+09 7.199763874687500000e+09 1.841188287887500000e+10 4.127448474125000000e+09 3.133321390187500000e+09 1.229581878558125000e+11 6.245372134375000000e+10 5.409595167025000000e+10 2.896767661775000000e+10 4.531548021218750000e+10 7.170566426100000000e+10 4.972733368112500000e+10 2.577838767500000000e+10 2.751060852068750000e+10 3.543760377999375000e+11 5.062173173130000000e+11 6.191635960890625000e+11 3.378049384169375000e+11 3.760830954510625000e+11 2.564025421431875000e+11 1.335281848907470703e+01
3.025711672062500000e+09 3.459165739375000000e+09 3.790430445125000000e+09 1.936854534568750000e+10 5.039303010437500000e+09 7.199763874687500000e+09 1.841558611162500000e+10 4.127448474125000000e+09 3.136185456812500000e+09 1.229581878558125000e+11 6.245372134375000000e+10 5.409595167025000000e+10 2.896897167650000000e+10 4.531548021218750000e+10 7.170566426100000000e+10 4.972733368112500000e+10 2.577976544737500000e+10 2.751060852068750000e+10 3.543795358151875000e+11 5.062173173130000000e+11 6.191635960890625000e+11 3.378088791739375000e+11 3.760830954510625000e+11 2.564075641671875000e+11 1.335315704345703125e+01
3.025711672062500000e+09 3.459165739375000000e+09 3.790430445125000000e+09 1.936854534568750000e+10 5.039303010437500000e+09 7.199763874687500000e+09 1.841558611162500000e+10 4.127448474125000000e+09 3.136185456812500000e+09 1.229581878558125000e+11 6.245372134375000000e+10 5.409595167025000000e+10 2.896897167650000000e+10 4.531548021218750000e+10 7.170566426100000000e+10 4.972733368112500000e+10 2.577976544737500000e+10 2.751060852068750000e+10 3.543795358151875000e+11 5.062173173130000000e+11 6.191635960890625000e+11 3.378088791739375000e+11 3.760830954510625000e+11 2.564075641671875000e+11 1.335346412658691406e+01
3.025711672062500000e+09 3.459165739375000000e+09 3.790430445125000000e+09 1.936854534568750000e+10 5.039303010437500000e+09 7.199763874687500000e+09 1.841558611162500000e+10 4.127448474125000000e+09 3.136185456812500000e+09 1.229581878558125000e+11 6.245372134375000000e+10 5.409595167025000000e+10 2.896897167650000000e+10 4.531676601306250000e+10 7.170566426100000000e+10 4.972733368112500000e+10 2.578188413212500000e+10 2.751202405556250000e+10 3.543795358151875000e+11 5.062173173130000000e+11 6.191635960890625000e+11 3.378088791739375000e+11 3.760830954510625000e+11 2.564075641671875000e+11 1.335374259948730469e+01
3.025711672062500000e+09 3.459165739375000000e+09 3.790430445125000000e+09 1.936854534568750000e+10 5.039303010437500000e+09 7.199763874687500000e+09 1.841558611162500000e+10 4.127448474125000000e+09 3.136185456812500000e+09 1.229581878558125000e+11 6.245372134375000000e+10 5.409595167025000000e+10 2.896897167650000000e+10 4.531676601306250000e+10 7.170566426100000000e+10 4.972919745775000000e+10 2.578188413212500000e+10 2.751202405556250000e+10 3.543795358151875000e+11 5.062173173130000000e+11 6.191635960890625000e+11 3.378088791739375000e+11 3.760830954510625000e+11 2.564075641671875000e+11 1.335399627685546875e+01
3.025711672062500000e+09 3.459165739375000000e+09 3.790430445125000000e+09 1.936854534568750000e+10 5.039303010437500000e+09 7.199763874687500000e+09 1.841558611162500000e+10 4.127448474125000000e+09 3.136185456812500000e+09 1.229581878558125000e+11 6.245372134375000000e+10 5.409595167025000000e+10 2.896897167650000000e+10 4.531676601306250000e+10 7.170566426100000000e+10 4.972919745775000000e+10 2.578188413212500000e+10 2.751202405556250000e+10 3.543795358151875000e+11 5.062173173130000000e+11 6.191635960890625000e+11 3.378088791739375000e+11 3.760830954510625000e+11 2.564075641671875000e+11 1.335422611236572266e+01
3.025711672062500000e+09 3.459165739375000000e+09 3.790430445125000000e+09 1.936854534568750000e+10 5.039303010437500000e+09 7.199763874687500000e+09 1.841753643287500000e+10 4.127448474125000000e+09 3.136185456812500000e+09 1.229581878558125000e+11 6.245372134375000000e+10 5.409595167025000000e+10 2.897157426756250000e+10 4.531676601306250000e+10 7.170678167812500000e+10 4.972919745775000000e+10 2.578387951662500000e+10 2.751202405556250000e+10 3.543812999100625000e+11 5.062173173130000000e+11 6.191635960890625000e+11 3.378088791739375000e+11 3.760830954510625000e+11 2.564155853919375000e+11 1.335443496704101562e+01
3.025711672062500000e+09 3.459165739375000000e+09 3.790430445125000000e+09 1.936854534568750000e+10 5.039303010437500000e+09 7.199763874687500000e+09 1.841753643287500000e+10 4.127448474125000000e+09 3.136185456812500000e+09 1.229581878558125000e+11 6.245372134375000000e+10 5.409595167025000000e+10 2.897157426756250000e+10 4.531676601306250000e+10 7.170678167812500000e+10 4.973126506675000000e+10 2.578387951662500000e+10 2.751202405556250000e+10 3.543812999100625000e+11 5.062173173130000000e+11 6.191635960890625000e+11 3.378088791739375000e+11 3.760830954510625000e+11 2.564155853919375000e+11 1.335462474822998047e+01
3.025711672062500000e+09 3.459165739375000000e+09 3.790430445125000000e+09 1.936854534568750000e+10 5.039303010437500000e+09 7.199763874687500000e+09 1.841753643287500000e+10 4.127448474125000000e+09 3.136185456812500000e+09 1.229581878558125000e+11 6.245372134375000000e+10 5.409595167025000000e+10 2.897157426756250000e+10 4.531676601306250000e+10 7.170678167812500000e+10 4.973126506675000000e+10 2.578387951662500000e+10 2.751202405556250000e+10 3.543812999100625000e+11 5.062173173130000000e+11 6.191635960890625000e+11 3.378088791739375000e+11 3.760830954510625000e+11 2.564155853919375000e+11 1.335479736328125000e+01
3.025711672062500000e+09 3.459165739375000000e+09 3.790430445125000000e+09 1.936854534568750000e+10 5.039303010437500000e+09 7.199763874687500000e+09 1.841971514012500000e+10 4.127448474125000000e+09 3.136185456812500000e+09 1.229581878558125000e+11 6.245372134375000000e+10 5.409595167025000000e+10 2.897252360106250000e+10 4.531676601306250000e+10 7.170678167812500000e+10 4.973624849437500000e+10 2.578548833875000000e+10 2.751394492743750000e+10 3.543829171236875000e+11 5.062173173130000000e+11 6.191635960890625000e+11 3.378088791739375000e+11 3.760844596199375000e+11 2.564155853919375000e+11 1.335495376586914062e+01
3.025711672062500000e+09 3.459165739375000000e+09 3.790430445125000000e+09 1.936854534568750000e+10 5.039303010437500000e+09 7.199763874687500000e+09 1.841971514012500000e+10 4.127448474125000000e+09 3.136185456812500000e+09 1.229581878558125000e+11 6.245372134375000000e+10 5.409595167025000000e+10 2.897252360106250000e+10 4.531676601306250000e+10 7.170678167812500000e+10 4.973624849437500000e+10 2.578548833875000000e+10 2.751394492743750000e+10 3.543829171236875000e+11 5.062173173130000000e+11 6.191635960890625000e+11 3.378088791739375000e+11 3.760844596199375000e+11 2.564155853919375000e+11 1.335509586334228516e+01
3.025711672062500000e+09 3.459165739375000000e+09 3.790430445125000000e+09 1.936854534568750000e+10 5.039303010437500000e+09 7.199763874687500000e+09 1.841971514012500000e+10 4.127448474125000000e+09 3.136185456812500000e+09 1.229581878558125000e+11 6.245372134375000000e+10 5.409595167025000000e+10 2.897252360106250000e+10 4.531676601306250000e+10 7.170678167812500000e+10 4.973624849437500000e+10 2.578548833875000000e+10 2.751394492743750000e+10 3.543829171236875000e+11 5.062173173130000000e+11 6.191635960890625000e+11 3.378088791739375000e+11 3.760844596199375000e+11 2.564155853919375000e+11 1.335522460937500000e+01
3.025711672062500000e+09 3.459165739375000000e+09 3.790430445125000000e+09 1.936854534568750000e+10 5.039303010437500000e+09 7.199763874687500000e+09 1.841971514012500000e+10 4.127448474125000000e+09 3.136185456812500000e+09 1.229581878558125000e+11 6.245372134375000000e+10 5.409595167025000000e+10 2.897252360106250000e+10 4.531676601306250000e+10 7.170678167812500000e+10 4.973624849437500000e+10 2.578548833875000000e+10 2.751394492743750000e+10 3.543829171236875000e+11 5.062173173130000000e+11 6.191635960890625000e+11 3.378088791739375000e+11 3.760844596199375000e+11 2.564155853919375000e+11 1.335534191131591797e+01
3.025711672062500000e+09 3.459165739375000000e+09 3.790430445125000000e+09 1.936854534568750000e+10 5.039303010437500000e+09 7.199763874687500000e+09 1.842081893187500000e+10 4.127448474125000000e+09 3.136185456812500000e+09 1.229581878558125000e+11 6.245372134375000000e+10 5.409595167025000000e+10 2.897514133506250000e+10 4.531910629581250000e+10 7.170678167812500000e+10 4.975007391437500000e+10 2.579418541775000000e+10 2.751586883768750000e+10 3.543829171236875000e+11 5.062173173130000000e+11 6.191635960890625000e+11 3.378142124923125000e+11 3.760854014798750000e+11 2.564223089156875000e+11 1.335544776916503906e+01
