1237648722844385412 6.866161e-05 8.670337e-05 0.00012294807 0.00026051368 0.00033390676 0.00037866837 0.00040825873 2.7926444e-06 3.2441044e-06 6.712115e-06 5.0579865e-06 6.5527415e-06 7.798886e-06 1.554507e-05
1237649919504482500 9.2853425e-06 1.576059e-05 8.780392e-05 0.00037874552 0.00083469186 0.0010484518 0.001427551 1.5027747e-06 1.3662458e-06 6.132737e-06 7.478493e-06 1.5983982e-05 2.0165517e-05 4.333353e-05
1237649920041353370 3.702466e-06 1.174347e-05 8.551787e-05 0.00030671345 0.00050691655 0.00067501375 0.0007560471 5.894851e-07 6.502191e-07 5.520513e-06 6.093297e-06 9.899331e-06 1.3327623e-05 2.6050795e-05
1237649920041484373 3.7156797e-06 1.4150783e-05 0.000209255 0.0010354867 0.0021829961 0.0031519425 0.0040596398 6.89566e-07 7.934749e-07 1.1192882e-05 1.9466057e-05 4.0734507e-05 5.88244e-05 0.00011543936
1237649954403647649 7.86583e-09 3.4795721e-06 8.712928e-05 0.0005077835 0.001236933 0.001691125 0.0017781607 3.664884e-07 3.6662786e-07 5.1387833e-06 9.667944e-06 2.320361e-05 3.177047e-05 5.0932667e-05
1237649954403647770 7.7078397e-07 3.3852934e-06 7.6403405e-05 0.0004335226 0.0010549402 0.0012357552 0.0018900926 3.887383e-07 3.606193e-07 4.788532e-06 8.331708e-06 1.9861425e-05 2.3320266e-05 5.4870998e-05
1237649954403778663 9.0510616e-07 4.0143555e-06 6.980596e-05 0.00034144416 0.0006992559 0.0009787806 0.0012913409 4.7449285e-07 4.1851595e-07 3.8629925e-05 6.443739e-06 1.30741555e-05 1.831592e-05 3.701091e-05
1237649954403844254 1.3500246e-06 5.4465013e-06 0.00015335323 0.00078090915 0.0017177652 0.0027749108 0.003101765 8.9795014e-07 8.719728e-07 7.830913e-06 1.4574883e-05 3.190652e-05 5.1477095e-05 8.722918e-05
1237649954403647590 3.4806885e-07 6.7534006e-06 0.0001025966 0.00067908317 0.0015202493 0.0022733677 0.0025518376 5.9819365e-07 6.4697895e-07 6.6312164e-06 1.2936176e-05 2.855253e-05 4.2653737e-05 7.370555e-05
1237649954403647805 1.0253917e-06 3.3898805e-06 5.746944e-05 0.00030789993 0.00060855167 0.0007461569 0.0011247109 4.3650022e-07 4.078793e-07 5.1843263e-06 6.141872e-06 1.1752458e-05 1.44654305e-05 3.641038e-05
1237649962993057926 2.6090286e-06 8.974545e-06 0.000116923686 0.0005732728 0.0012492851 0.0017636047 0.002514476 9.60353e-07 1.0079232e-06 6.75945e-06 1.086971e-05 2.3461833e-05 3.3175165e-05 7.25682e-05
1237649962994696533 8.378361e-05 8.64118e-05 0.00017635265 0.00031644764 0.00041132828 0.0004418484 0.0004831374 3.968367e-06 3.5257171e-06 1.316587e-05 7.0704746e-06 9.578297e-06 1.2505293e-05 4.3197397e-05
1237650761322201203 3.7509075e-05 5.872764e-05 0.00014590316 0.0004252684 0.00067463977 0.0007393833 0.0007519462 2.3911991e-06 2.309124e-06 9.794801e-06 8.3930045e-06 1.3067099e-05 1.6047577e-05 2.9798764e-05
1237651066810990750 3.164363e-05 4.1071457e-05 8.536661e-05 0.00022405367 0.00032403937 0.0004023601 0.00046162523 1.7383786e-06 1.6338602e-06 5.212313e-06 8.119414e-06 6.4063997e-06 8.0962855e-06 1.8506156e-05
1237651190286975169 2.1185665e-06 7.1327063e-06 8.2339386e-05 0.0003283946 0.000649648 0.00085025985 0.0008655917 1.2057008e-06 7.036205e-07 7.702006e-06 8.374321e-06 1.2990687e-05 1.6440483e-05 3.340661e-05
1237651190286975184 5.5374055e-10 6.124446e-06 6.664318e-05 0.00035987448 0.0007873786 0.0010237036 0.0010940434 9.0988783e-07 5.465825e-07 6.7318188e-06 7.042317e-06 1.5133586e-05 1.9608988e-05 3.2584492e-05
1237651190817685789 9.999864e-07 9.461903e-06 6.845066e-05 0.00031788938 0.00067675853 0.00095754984 0.0010977682 5.879799e-06 3.1541927e-06 4.196728e-06 6.1549454e-06 1.2855017e-05 1.8184093e-05 3.214487e-05
1237651190283829359 7.327305e-05 0.000101953105 0.00014164696 0.0002534494 0.0002891213 0.0003400154 0.00034868155 1.611087e-05 3.975325e-06 7.888016e-06 5.0951476e-06 5.986634e-06 6.9510957e-06 1.6656246e-05
1237651191355932803 2.179601e-06 7.092693e-06 0.00014782399 0.00074311864 0.0017603595 0.002497738 0.0033100308 5.1629695e-06 5.313883e-07 8.204542e-06 1.4091518e-05 3.302206e-05 4.6857316e-05 9.421835e-05
1237651191354622160 4.5553936e-08 3.4475302e-06 4.7148485e-05 0.00024270565 0.0005409844 0.00079426076 0.0008029146 2.6735762e-07 4.006165e-07 3.4087257e-06 4.716058e-06 1.0341588e-05 1.5158733e-05 2.404124e-05