250	0
251	0
252	0
253	0
254	0
255	0
256	0
257	0
258	0
259	0
260	0
261	0
262	0
263	0
264	0
265	0
266	0
267	0
268	0
269	0
270	0
271	0
272	0
273	0
274	0
275	0
276	0
277	0
278	0
279	0
280	0
281	0
282	0
283	0
284	0
285	0
286	0
287	0
288	0
289	0
290	0
291	0
292	0
293	0
294	0
295	0
296	0
297	0
298	0
299	0
300	0
301	0
302	0
303	0
304	0
305	0
306	0
307	0
308	0
309	0
310	0
311	0
312	0
313	0
314	0
315	0
316	0
317	0
318	0
319	0
320	0
321	0
322	0
323	0
324	0
325	0
326	0
327	0
328	0
329	0
330	0
331	0
332	0
333	0
334	0
335	0
336	0
337	0
338	0
339	0
340	0
341	0
342	0
343	0
344	0
345	0
346	0
347	0
348	0
349	0
350	0
351	0
352	0
353	0
354	0
355	0
356	0
357	0
358	0
359	0
360	0
361	0
362	0
363	0
364	0
365	0
366	0
367	0
368	0
369	0
370	0
371	0
372	0
373	0
374	0
375	0
376	0
377	0
378	0
379	0
380	0
381	0
382	0
383	0
384	0
385	0
386	0
387	0
388	0
389	0
390	0
391	0
392	0
393	0
394	0
395	0
396	0
397	0
398	0
399	0
400	0
401	0
402	0
403	0
404	0
405	0
406	0
407	0
408	0
409	0
410	0
411	0
412	0
413	0
414	0
415	0
416	0
417	0
418	0
419	0
420	0
421	0
422	0
423	0
424	0
425	0
426	0
427	0
428	0
429	0
430	0
431	0
432	0
433	0
434	0
435	0
436	0
437	0
438	0
439	0
440	0
441	0
442	0
443	0
444	0
445	0
446	0
447	0
448	0
449	0
450	0
451	0
452	0
453	0
454	0
455	0
456	0
457	0
458	0
459	0
460	0
461	0
462	0
463	0
464	0
465	0
466	0
467	0
468	0
469	0
470	0
471	0
472	0
473	0
474	0
475	0
476	0
477	0
478	0
479	0
480	0
481	0
482	0
483	0
484	0
485	0
486	0
487	0
488	0
489	0
490	0
491	0
492	0
493	0
494	0
495	0
496	0
497	0
498	0
499	0
500	0
501	0
502	0
503	0
504	0
505	0
506	0
507	0
508	0
509	0
510	0
511	0
512	0
513	0
514	0
515	0
516	0
517	0
518	0
519	0
520	0
521	0
522	0
523	0
524	0
525	0
526	0
527	0
528	0
529	0
530	0
531	0
532	0
533	0
534	0
535	0
536	0
537	0
538	0
539	0
540	0
541	0
542	0
543	0
544	0
545	0
546	0
547	0
548	0
549	0
550	0
551	0
552	0
553	0
554	0
555	0
556	0
557	0
558	0
559	0
560	0
561	0
562	0
563	0
564	0
565	0
566	0
567	0
568	0
569	0
570	0
571	0
572	0
573	0
574	0
575	0
576	0
577	0
578	0
579	0
580	0
581	0
582	0
583	0
584	0
585	0
586	0
587	0
588	0
589	0
590	0
591	0
592	0
593	0
594	0
595	0
596	0
597	0
598	0
599	0
600	0
601	0
602	0
603	0
604	0
605	0
606	0
607	0
608	0
609	0
610	0
611	0
612	0
613	0
614	0
615	0
616	0
617	0
618	0
619	0
620	0
621	0
622	0
623	0
624	0
625	0
626	0
627	0
628	0
629	0
630	0
631	0
632	0
633	0
634	0
635	0
636	0.0000001
637	0.0000001
638	0.0000001
639	0.0000002
640	0.0000004
641	0.0000007
642	0.0000013
643	0.0000026
644	0.0000053
645	0.0000118
646	0.0000282
647	0.0000737
648	0.0002143
649	0.0007129
650	0.0028257
651	0.0141838
652	0.0948558
653	0.5500741
654	0.9772549
655	0.994612
656	0.9947466
657	0.9897555
658	0.990639
659	0.9944118
660	0.9954959
661	0.9931981
662	0.9875653
663	0.986516
664	0.9940367
665	0.9928314
666	0.9935264
667	0.7696716
668	0.195827
669	0.0303888
670	0.0060246
671	0.0015374
672	0.0004729
673	0.0001675
674	0.0000663
675	0.0000287
676	0.0000135
677	0.0000067
678	0.0000035
679	0.000002
680	0.0000011
681	0.0000007
682	0.0000004
683	0.0000003
684	0.0000002
685	0.0000001
686	0.0000001
687	0.0000001
688	0
689	0
690	0
691	0
692	0
693	0
694	0
695	0
696	0
697	0
698	0
699	0
700	0
701	0
702	0
703	0
704	0
705	0
706	0
707	0
708	0
709	0
710	0
711	0
712	0
713	0
714	0
715	0
716	0
717	0
718	0
719	0
720	0
721	0
722	0
723	0
724	0
725	0
726	0
727	0
728	0
729	0
730	0
731	0
732	0
733	0
734	0
735	0
736	0
737	0
738	0
739	0
740	0
741	0
742	0
743	0
744	0
745	0
746	0.0000001
747	0.0000001
748	0.0000001
749	0.0000001
750	0.0000002
751	0.0000002
752	0.0000002
753	0.0000003
754	0.0000003
755	0.0000003
756	0.0000003
757	0.0000003
758	0.0000003
759	0.0000002
760	0.0000002
761	0.0000002
762	0.0000001
763	0.0000001
764	0.0000001
765	0.0000001
766	0.0000001
767	0.0000001
768	0.0000001
769	0.0000001
770	0
771	0
772	0
773	0
774	0
775	0
776	0
777	0
778	0
779	0
780	0
781	0
782	0
783	0
784	0
785	0.0000001
786	0.0000001
787	0.0000001
788	0.0000001
789	0.0000001
790	0.0000002
791	0.0000003
792	0.0000005
793	0.000001
794	0.000003
795	0.0000099
796	0.0000084
797	0.0000024
798	0.000001
799	0.0000006
800	0.0000004
801	0.0000003
802	0.0000002
803	0.0000002
804	0.0000002
805	0.0000002
806	0.0000002
807	0.0000002
808	0.0000002
809	0.0000002
810	0.0000003
811	0.0000004
812	0.0000005
813	0.0000009
814	0.0000019
815	0.000007
816	0.0000129
817	0.0000057
818	0.0000015
819	0.0000007
820	0.0000004
821	0.0000002
822	0.0000002
823	0.0000001
824	0.0000001
825	0.0000001
826	0.0000001
827	0.0000001
828	0.0000001
829	0.0000001
830	0.0000001
831	0.0000001
832	0.0000001
833	0.0000001
834	0.0000001
835	0.0000001
836	0.0000001
837	0.0000001
838	0.0000001
839	0.0000001
840	0.0000002
841	0.0000002
842	0.0000003
843	0.0000004
844	0.0000006
845	0.000001
846	0.0000018
847	0.000003
848	0.0000035
849	0.0000029
850	0.000002
851	0.0000014
852	0.0000011
853	0.0000009
854	0.0000008
855	0.0000007
856	0.0000007
857	0.0000008
858	0.0000008
859	0.000001
860	0.0000013
861	0.0000018
862	0.0000029
863	0.000005
864	0.0000079
865	0.0000081
866	0.0000052
867	0.0000028
868	0.0000017
869	0.0000011
870	0.0000008
871	0.0000006
872	0.0000005
873	0.0000004
874	0.0000004
875	0.0000004
876	0.0000004
877	0.0000004
878	0.0000004
879	0.0000004
880	0.0000005
881	0.0000006
882	0.0000007
883	0.000001
884	0.0000015
885	0.0000025
886	0.0000038
887	0.0000044
888	0.0000035
889	0.0000022
890	0.0000013
891	0.0000009
892	0.0000006
893	0.0000005
894	0.0000004
895	0.0000004
896	0.0000003
897	0.0000003
898	0.0000004
899	0.0000004
900	0.0000005
901	0.0000007
902	0.0000012
903	0.0000029
904	0.0000053
905	0.0000038
906	0.0000012
907	0.0000004
908	0.0000002
909	0.0000001
910	0.0000001
911	0
912	0
913	0
914	0
915	0
916	0
917	0
918	0
919	0
920	0
921	0
922	0
923	0
924	0
925	0
926	0
927	0
928	0
929	0
930	0
931	0
932	0
933	0
934	0
935	0
936	0
937	0
938	0
939	0
940	0
941	0
942	0
943	0
944	0
945	0
946	0
947	0
948	0
949	0
950	0
951	0
952	0
953	0
954	0
955	0
956	0
957	0
958	0
959	0
960	0
961	0
962	0
963	0
964	0
965	0
966	0.0000001
967	0.0000001
968	0.0000001
969	0.0000001
970	0.0000001
971	0.0000002
972	0.0000002
973	0.0000003
974	0.0000003
975	0.0000004
976	0.0000005
977	0.0000008
978	0.0000012
979	0.0000023
980	0.0000072
981	0.0000183
982	0.0000226
983	0.0000062
984	0.0000018
985	0.0000008
986	0.0000005
987	0.0000003
988	0.0000002
989	0.0000001
990	0.0000001
991	0.0000001
992	0.0000001
993	0.0000001
994	0.0000001
995	0
996	0
997	0
998	0
999	0
1000	0
1001	0
1002	0
1003	0
1004	0
1005	0
1006	0
1007	0
1008	0
1009	0
1010	0
1011	0
1012	0
1013	0
1014	0
1015	0
1016	0
1017	0
1018	0
1019	0
1020	0
1021	0.0000001
1022	0.0000001
1023	0.0000001
1024	0.0000001
1025	0.0000001
1026	0.0000002
1027	0.0000002
1028	0.0000004
1029	0.0000006
1030	0.0000011
1031	0.0000036
1032	0.0000386
1033	0.0000909
1034	0.0000462
1035	0.0000032
1036	0.0000013
1037	0.0000007
1038	0.0000005
1039	0.0000003
1040	0.0000003
1041	0.0000002
1042	0.0000002
1043	0.0000001
1044	0.0000001
1045	0.0000001
1046	0.0000001
1047	0.0000001
1048	0.0000001
1049	0.0000001
1050	0.0000001
1051	0.0000001
1052	0.0000001
1053	0.0000001
1054	0.0000001
1055	0.0000001
1056	0.0000001
1057	0.0000001
1058	0.0000001
1059	0.0000001
1060	0.0000001
1061	0.0000001
1062	0.0000001
1063	0.0000001
1064	0.0000001
1065	0.0000001
1066	0.0000001
1067	0.0000001
1068	0.0000001
1069	0.0000002
1070	0.0000002
1071	0.0000002
1072	0.0000002
1073	0.0000003
1074	0.0000003
1075	0.0000003
1076	0.0000004
1077	0.0000004
1078	0.0000005
1079	0.0000006
1080	0.0000007
1081	0.0000009
1082	0.0000011
1083	0.0000014
1084	0.0000018
1085	0.0000023
1086	0.000003
1087	0.0000041
1088	0.0000057
1089	0.0000083
1090	0.0000128
1091	0.0000213
1092	0.0000415
1093	0.0001025
1094	0.0005461
1095	0.0015999
1096	0.0018212
1097	0.0004541
1098	0.0001442
1099	0.0000761
1100	0.0000508
