200	0
200.5	0
201	0
201.5	0
202	0
202.5	0
203	0
203.5	0
204	0
204.5	0
205	0
205.5	0
206	0
206.5	0
207	0
207.5	0
208	0
208.5	0
209	0
209.5	0
210	0
210.5	0
211	0
211.5	0
212	0
212.5	0
213	0
213.5	0
214	0
214.5	0
215	0
215.5	0
216	0
216.5	0
217	0
217.5	0
218	0
218.5	0
219	0
219.5	0
220	0
220.5	0
221	0
221.5	0
222	0
222.5	0
223	0
223.5	0
224	0
224.5	0
225	0
225.5	0
226	0
226.5	0
227	0
227.5	0
228	0
228.5	0
229	0
229.5	0
230	0
230.5	0
231	0
231.5	0
232	0
232.5	0
233	0
233.5	0
234	0
234.5	0
235	0
235.5	0
236	0
236.5	0
237	0
237.5	0
238	0
238.5	0
239	0
239.5	0
240	0
240.5	0
241	0
241.5	0
242	0
242.5	0
243	0
243.5	0
244	0
244.5	0
245	0
245.5	0
246	0
246.5	0
247	0
247.5	0
248	0
248.5	0
249	0
249.5	0
250	0
250.5	0
251	0
251.5	0
252	0
252.5	0
253	0
253.5	0
254	0
254.5	0
255	0
255.5	0
256	0
256.5	0
257	0
257.5	0
258	0
258.5	0
259	0
259.5	0
260	0
260.5	0
261	0
261.5	0
262	0
262.5	0
263	0
263.5	0
264	0
264.5	0
265	0
265.5	0
266	0
266.5	0
267	0
267.5	0
268	0
268.5	0
269	0
269.5	0
270	0
270.5	0
271	0
271.5	0
272	0
272.5	0
273	0
273.5	0
274	0
274.5	0
275	0
275.5	0
276	0
276.5	0
277	0
277.5	0
278	0
278.5	0
279	0
279.5	0
280	0
280.5	0
281	0
281.5	0
282	0
282.5	0
283	0
283.5	0
284	0
284.5	0
285	0
285.5	0
286	0
286.5	0
287	0
287.5	0
288	0
288.5	0
289	0
289.5	0
290	0
290.5	0
291	0
291.5	0
292	0
292.5	0
293	0
293.5	0
294	0
294.5	0
295	0
295.5	0
296	0
296.5	0
297	0
297.5	0
298	0
298.5	0
299	0
299.5	0
300	0
300.5	0
301	0
301.5	0
302	0
302.5	0
303	0
303.5	0
304	0
304.5	0
305	0
305.5	0
306	0
306.5	0
307	0
307.5	0
308	0
308.5	0
309	0
309.5	0
310	0
310.5	0
311	0
311.5	0
312	0
312.5	0
313	0
313.5	0
314	0
314.5	0
315	0
315.5	0
316	0
316.5	0
317	0
317.5	0
318	0
318.5	0
319	0
319.5	0
320	0
320.5	0
321	0
321.5	0
322	0
322.5	0
323	0
323.5	0
324	0
324.5	0
325	0
325.5	0
326	0
326.5	0
327	0
327.5	0
328	0
328.5	0
329	0
329.5	0
330	0
330.5	0
331	0
331.5	0
332	0
332.5	0
333	0
333.5	0
334	0
334.5	0
335	0
335.5	0
336	0
336.5	0
337	0
337.5	0
338	0
338.5	0
339	0
339.5	0
340	0
340.5	0
341	0
341.5	0
342	0
342.5	0
343	0
343.5	0
344	0
344.5	0
345	0
345.5	0
346	0
346.5	0
347	0
347.5	0
348	0
348.5	0
349	0
349.5	0
350	0
350.5	0
351	0
351.5	0
352	0
352.5	0
353	0
353.5	0
354	0
354.5	0
355	0
355.5	0
356	0
356.5	0
357	0
357.5	0
358	0
358.5	0
359	0
359.5	0
360	0
360.5	0
361	0
361.5	0
362	0
362.5	0
363	0
363.5	0
364	0
364.5	0
365	0
365.5	0
366	0
366.5	0
367	0
367.5	0
368	0
368.5	0
369	0
369.5	0
370	0
370.5	0
371	0
371.5	0
372	0
372.5	0
373	0
373.5	0
374	0
374.5	0
375	0
375.5	0
376	0
376.5	0
377	0
377.5	0
378	0
378.5	0
379	0
379.5	0
380	0
380.5	0
381	0
381.5	0
382	0
382.5	0
383	0
383.5	0
384	0
384.5	0
385	0
385.5	0
386	0
386.5	0
387	0
387.5	0
388	0
388.5	0
389	0
389.5	0
390	0
390.5	0
391	0
391.5	0
392	0
392.5	0
393	0
393.5	0
394	0
394.5	0
395	0
395.5	0
396	0
396.5	0
397	0
397.5	0
398	0
398.5	0
399	0
399.5	0
400	0
400.5	0
401	0
401.5	0
402	0
402.5	0
403	0
403.5	0
404	0
404.5	0
405	0
405.5	0
406	0
406.5	0
407	0
407.5	0
408	0
408.5	0
409	0
409.5	0
410	0
410.5	0
411	0
411.5	0
412	0
412.5	0
413	0
413.5	0
414	0
414.5	0
415	0
415.5	0
416	0
416.5	0
417	0
417.5	0
418	0
418.5	0
419	0
419.5	0
420	0
420.5	0
421	0
421.5	0
422	0
422.5	0
423	0
423.5	0
424	0
424.5	0
425	0
425.5	0
426	0
426.5	0
427	0
427.5	0
428	0
428.5	0
429	0
429.5	0
430	0
430.5	0
431	0
431.5	0
432	0
432.5	0
433	0
433.5	0
434	0
434.5	0
435	0
435.5	0
436	0
436.5	0
437	0
437.5	0
438	0
438.5	0
439	0
439.5	0
440	0
440.5	0
441	0
441.5	0
442	0
442.5	0
443	0
443.5	0
444	0
444.5	0
445	0
445.5	0
446	0
446.5	0
447	0
447.5	0
448	0
448.5	0
449	0
449.5	0
450	0
450.5	0
451	0
451.5	0
452	0
452.5	0
453	0
453.5	0
454	0
454.5	0
455	0
455.5	0
456	0
456.5	0
457	0
457.5	0
458	0
458.5	0
459	0
459.5	0
460	0
460.5	0
461	0
461.5	0
462	0
462.5	0
463	0
463.5	0
464	0
464.5	0
465	0
465.5	0
466	0
466.5	0
467	0
467.5	0
468	0
468.5	0
469	0
469.5	0
470	0
470.5	0
471	0
471.5	0
472	0
472.5	0
473	0
473.5	0
474	0
474.5	0
475	0
475.5	0
476	0
476.5	0
477	0
477.5	0
478	0
478.5	0
479	0
479.5	0
480	0
480.5	0
481	0
481.5	0
482	0
482.5	0
483	0
483.5	0
484	0
484.5	0
485	0
485.5	0
486	0
486.5	0
487	0
487.5	0
488	0
488.5	0
489	0
489.5	0
490	0
490.5	0
491	0
491.5	0
492	0
492.5	0
493	0
493.5	0
494	0
494.5	0
495	0
495.5	0
496	0
496.5	0
497	0
497.5	0
498	0
498.5	0
499	0
499.5	0
500	0
500.5	0
501	0
501.5	0
502	0
502.5	0
503	0
503.5	0
504	0
504.5	0
505	0
505.5	0
506	0
506.5	0
507	0
507.5	0
508	0
508.5	0
509	0
509.5	0
510	0
510.5	0
511	0
511.5	0
512	0
512.5	0
513	0
513.5	0
514	0
514.5	0
515	0
515.5	0
516	0
516.5	0
517	0
517.5	0
518	0
518.5	0
519	0
519.5	0
520	0
520.5	0
521	0
521.5	0
522	0
522.5	0
523	0
523.5	0
524	0
524.5	0
525	0
525.5	0
526	0
526.5	0
527	0
527.5	0
528	0
528.5	0
529	0
529.5	0
530	0
530.5	0
531	0
531.5	0
532	0
532.5	0
533	0
533.5	0
534	0
534.5	0
535	0
535.5	0
536	0
536.5	0
537	0
537.5	0
538	0
538.5	0
539	0
539.5	0
540	0
540.5	0
541	0
541.5	0
542	0
542.5	0
543	0
543.5	0
544	0
544.5	0
545	0
545.5	0
546	0
546.5	0
547	0
547.5	0
548	0
548.5	0
549	0
549.5	0
550	0
550.5	0
551	0
551.5	0
552	0
552.5	0
553	0
553.5	0
554	0
554.5	0
555	0
555.5	0
556	0
556.5	0
557	0
557.5	0
558	0
558.5	0
559	0
559.5	0
560	0
560.5	0
561	0
561.5	0
562	0
562.5	0
563	0
563.5	0
564	0
564.5	0
565	0
565.5	0
566	0
566.5	0
567	0
567.5	0
568	0
568.5	0
569	0
569.5	0
570	0
570.5	0
571	0
571.5	0
572	0
572.5	0
573	0
573.5	0
574	0
574.5	0
575	0
575.5	0
576	0
576.5	0
577	0
577.5	0
578	0
578.5	0
579	0
579.5	0
580	0
580.5	0
581	0
581.5	0
582	0
582.5	0
583	0
583.5	0
584	0
584.5	0
585	0
585.5	0
586	0
586.5	0
587	0
587.5	0
588	0
588.5	0
589	0
589.5	0
590	0
590.5	0
591	0
591.5	0
592	0
592.5	0
593	0
593.5	0
594	0
594.5	0
595	0
595.5	0
596	0
596.5	0
597	0
597.5	0
598	0
598.5	0
599	0
599.5	0
600	0
600.5	0
601	0
601.5	0
602	0
602.5	0
603	0
603.5	0
604	0
604.5	0
605	0
605.5	0
606	0
606.5	0
607	0
607.5	0
608	0
608.5	0
609	0
609.5	0
610	0
610.5	0
611	0
611.5	0
612	0
612.5	0
613	0
613.5	0
614	0
614.5	0
615	0
615.5	0
616	0
616.5	0
617	0
617.5	0
618	0
618.5	0
619	0
619.5	0
620	0
620.5	0
621	0
621.5	0
622	0
622.5	0
623	0
623.5	0
624	0
624.5	0
625	0
625.5	0
626	0
626.5	0
627	0
627.5	0
628	0
628.5	0
629	0
629.5	0
630	0
630.5	0
631	0
631.5	0
632	0
632.5	0
633	0
633.5	0
634	0
634.5	0
635	0
635.5	0
636	0
636.5	0
637	0
637.5	0
638	0
638.5	0
639	0
639.5	0
640	0
640.5	0
641	0
641.5	0
642	0
642.5	0
643	0
643.5	0
644	0
644.5	0
645	0
645.5	0
646	0
646.5	0
647	0
647.5	0
648	0
648.5	0
649	0
649.5	0
650	0
650.5	0
651	0
651.5	0
652	0
652.5	0
653	0
653.5	0
654	0
654.5	0
655	0
655.5	0
656	0
656.5	0
657	0
657.5	0
658	0
658.5	0
659	0
659.5	0
660	0
660.5	0
661	0
661.5	0
662	0
662.5	0
663	0
663.5	0
664	0
664.5	0
665	0
665.5	0
666	0
666.5	0
667	0
667.5	0
668	0
668.5	0
669	0
669.5	0
670	0
670.5	0
671	0
671.5	0
672	0
672.5	0
673	0
673.5	0
674	0
674.5	0
675	0
675.5	0
676	0
676.5	0
677	0
677.5	0
678	0
678.5	0
679	0
679.5	0
680	0
680.5	0
681	0
681.5	0
682	0
682.5	0
683	0
683.5	0
684	0
684.5	0
685	0
685.5	0
686	0
686.5	0
687	0
687.5	0
688	0
688.5	0
689	0
689.5	0
690	0
690.5	0
691	0
691.5	0
692	0
692.5	0
693	0
693.5	0
694	0
694.5	0
695	0
695.5	0
696	0
696.5	0
697	0
697.5	0
698	0
698.5	0
699	0
699.5	0
700	0
700.5	0
701	0
701.5	0
702	0
702.5	0
703	0
703.5	0
704	0
704.5	0
705	0
705.5	0
706	0
706.5	0
707	0
707.5	0
708	0
708.5	0
709	0
709.5	0
710	0
710.5	0
711	0
711.5	0
712	0
712.5	0
713	0
713.5	0
714	0
714.5	0
715	0
715.5	0
716	0
716.5	0
717	0
717.5	0
718	0
718.5	0
719	0
719.5	0
720	0
720.5	0
721	0
721.5	0
722	0
722.5	0
723	0
723.5	0
724	0
724.5	0
725	0
725.5	0
726	0
726.5	0
727	0
727.5	0
728	0
728.5	0
729	0
729.5	0
730	0
730.5	0
731	0
731.5	0
732	0
732.5	0
733	0
733.5	0
734	0
734.5	0
735	0
735.5	0
736	0
736.5	0
737	0
737.5	0
738	0
738.5	0
739	0
739.5	0
740	0
740.5	0
741	0
741.5	0
742	0
742.5	0
743	0
743.5	0
744	0
744.5	0
745	0
745.5	0
746	0
746.5	0
747	0
747.5	0
748	0
748.5	0
749	0
749.5	0
750	0
750.5	0
751	0
751.5	0
752	0
752.5	0
753	0
753.5	0
754	0
754.5	0
755	0
755.5	0
756	0
756.5	0
757	0
757.5	0
758	0
758.5	0
759	0
759.5	0
760	0
760.5	0
761	0
761.5	0
762	0
762.5	0
763	0
763.5	0.00001
764	0.00004
764.5	0.00013
765	0.00043
765.5	0.00055
766	0.0007
766.5	0.00089
767	0.00113
767.5	0.00144
768	0.00183
768.5	0.00233
769	0.00297
769.5	0.00378
770	0.0048
770.5	0.00515
771	0.00553
771.5	0.00593
772	0.00636
772.5	0.00682
773	0.00732
773.5	0.00785
774	0.00842
774.5	0.00903
775	0.00968
775.5	0.01062
776	0.01166
776.5	0.0128
777	0.01405
777.5	0.01541
778	0.01691
778.5	0.01855
779	0.02035
779.5	0.02232
780	0.02447
780.5	0.02768
781	0.03131
781.5	0.0354
782	0.04002
782.5	0.04524
783	0.05114
783.5	0.05778
784	0.06529
784.5	0.07376
785	0.08331
785.5	0.09016
786	0.09757
786.5	0.10558
787	0.11423
787.5	0.12358
788	0.13368
788.5	0.14458
789	0.15637
789.5	0.1691
790	0.18284
790.5	0.20222
791	0.22362
791.5	0.24725
792	0.27334
792.5	0.30215
793	0.33395
793.5	0.36906
794	0.4078
794.5	0.45055
795	0.49771
795.5	0.54211
796	0.5904
796.5	0.64292
797	0.70004
797.5	0.76214
798	0.82967
798.5	0.90309
799	0.98289
799.5	1.06963
800	1.1639
800.5	1.26785
801	1.38094
801.5	1.50395
802	1.63774
802.5	1.78324
803	1.94146
803.5	2.11349
804	2.30051
804.5	2.50381
805	2.72479
805.5	2.9408
806	3.17363
806.5	3.42456
807	3.69497
807.5	3.98636
808	4.30032
808.5	4.63855
809	5.00292
809.5	5.39539
810	5.8181
810.5	6.21631
811	6.64121
811.5	7.09457
812	7.57825
812.5	8.09423
813	8.64463
813.5	9.2317
814	9.85783
814.5	10.52556
815	11.2376
815.5	11.85894
816	12.5138
816.5	13.20393
817	13.93118
817.5	14.69751
818	15.50496
818.5	16.35567
819	17.25192
819.5	18.19607
820	19.19062
820.5	20.01445
821	20.87256
821.5	21.76632
822	22.69717
822.5	23.66659
823	24.67614
823.5	25.72741
824	26.82209
824.5	27.9619
825	29.14865
825.5	30.11288
826	31.10775
826.5	32.13419
827	33.19317
827.5	34.28567
828	35.4127
828.5	36.57533
829	37.77461
829.5	39.01167
830	40.28764
830.5	41.28483
831	42.30543
831.5	43.34995
832	44.41891
832.5	45.51287
833	46.63237
833.5	47.77798
834	48.95027
834.5	50.14984
835	51.37727
835.5	52.31493
836	53.2685
836.5	54.23826
837	55.22443
837.5	56.2273
838	57.2471
838.5	58.28412
839	59.33862
839.5	60.41086
840	61.50114
840.5	62.30179
841	63.11186
841.5	63.93145
842	64.76065
842.5	65.59957
843	66.4483
843.5	67.30696
844	68.17564
844.5	69.05445
845	69.9435
845.5	70.58338
846	71.22831
846.5	71.87833
847	72.53347
847.5	73.19377
848	73.85926
848.5	74.52998
849	75.20595
849.5	75.88723
850	76.57383
850.5	77.06348
851	77.55565
851.5	78.05036
852	78.54761
852.5	79.04742
853	79.5498
853.5	80.05475
854	80.56229
854.5	81.07243
855	81.58518
855.5	82.03012
856	82.47695
856.5	82.92566
857	83.37627
857.5	83.82878
858	84.2832
858.5	84.73953
859	85.19779
859.5	85.65796
860	86.12007
860.5	86.26194
861	86.40386
861.5	86.54584
862	86.68788
862.5	86.82997
863	86.97212
863.5	87.11433
864	87.25659
864.5	87.39891
865	87.5413
865.5	87.8296
866	88.11852
866.5	88.40805
867	88.69818
867.5	88.98893
868	89.28028
868.5	89.57226
869	89.86484
869.5	90.15804
870	90.45186
870.5	90.59889
871	90.746
871.5	90.89317
872	91.04043
872.5	91.18775
873	91.33515
873.5	91.48261
874	91.63014
874.5	91.77775
875	91.92543
875.5	92.03668
876	92.14794
876.5	92.25922
877	92.3705
877.5	92.4818
878	92.59311
878.5	92.70444
879	92.81577
879.5	92.92713
880	93.03849
880.5	93.15082
881	93.26316
881.5	93.37551
882	93.48789
882.5	93.60028
883	93.71268
883.5	93.82511
884	93.93755
884.5	94.05001
885	94.16249
885.5	94.23763
886	94.31276
886.5	94.38788
887	94.46298
887.5	94.53807
888	94.61314
888.5	94.68821
889	94.76326
889.5	94.83831
890	94.91334
890.5	94.95051
891	94.98768
891.5	95.02484
892	95.06199
892.5	95.09912
893	95.13625
893.5	95.17336
894	95.21046
894.5	95.24755
895	95.28463
895.5	95.2834
896	95.2822
896.5	95.281
897	95.27983
897.5	95.27868
898	95.27755
898.5	95.27643
899	95.27534
899.5	95.27426
900	95.2732
900.5	95.31085
901	95.34849
901.5	95.38612
902	95.42374
902.5	95.46135
903	95.49896
903.5	95.53656
904	95.57415
904.5	95.61173
905	95.64931
905.5	95.68727
906	95.72522
906.5	95.76316
907	95.8011
907.5	95.83903
908	95.87695
908.5	95.91487
909	95.95278
909.5	95.99068
910	96.02859
910.5	96.02796
911	96.02736
911.5	96.02677
912	96.02621
912.5	96.02567
913	96.02515
913.5	96.02465
914	96.02417
914.5	96.02372
915	96.02328
915.5	96.06178
916	96.10026
916.5	96.13874
917	96.17722
917.5	96.21568
918	96.25415
918.5	96.2926
919	96.33105
919.5	96.3695
920	96.40794
920.5	96.40773
921	96.40754
921.5	96.40738
922	96.40724
922.5	96.40711
923	96.40701
923.5	96.40693
924	96.40686
924.5	96.40682
925	96.4068
925.5	96.4068
926	96.40681
926.5	96.40685
927	96.40691
927.5	96.40698
928	96.40708
928.5	96.40719
929	96.40733
929.5	96.40749
930	96.40767
930.5	96.40786
931	96.40808
931.5	96.40831
932	96.40856
932.5	96.40883
933	96.40912
933.5	96.40943
934	96.40975
934.5	96.41009
935	96.41045
935.5	96.41083
936	96.41122
936.5	96.41163
937	96.41205
937.5	96.4125
938	96.41296
938.5	96.41343
939	96.41393
939.5	96.41444
940	96.41496
940.5	96.4155
941	96.41606
941.5	96.41663
942	96.41722
942.5	96.41782
943	96.41843
943.5	96.41906
944	96.41971
944.5	96.42037
945	96.42104
945.5	96.42173
946	96.42243
946.5	96.42315
947	96.42387
947.5	96.42461
948	96.42537
948.5	96.42614
949	96.42692
949.5	96.42772
950	96.42852
950.5	96.42934
951	96.43017
951.5	96.43101
952	96.43186
952.5	96.43272
953	96.4336
953.5	96.43448
954	96.43537
954.5	96.43628
955	96.43719
955.5	96.43812
956	96.43905
956.5	96.43999
957	96.44095
957.5	96.44191
958	96.44287
958.5	96.44385
959	96.44484
959.5	96.44583
960	96.44683
960.5	96.44784
961	96.44885
961.5	96.44987
962	96.4509
962.5	96.45194
963	96.45298
963.5	96.45403
964	96.45508
964.5	96.45614
965	96.4572
965.5	96.45827
966	96.45935
966.5	96.46043
967	96.46151
967.5	96.4626
968	96.46369
968.5	96.46479
969	96.46589
969.5	96.46699
970	96.4681
970.5	96.46921
971	96.47032
971.5	96.47143
972	96.47255
972.5	96.47366
973	96.47478
973.5	96.4759
974	96.47702
974.5	96.47814
975	96.47926
975.5	96.48038
976	96.48149
976.5	96.48261
977	96.48373
977.5	96.48485
978	96.48597
978.5	96.48708
979	96.4882
979.5	96.48931
980	96.49042
980.5	96.49152
981	96.49263
981.5	96.49373
982	96.49483
982.5	96.49592
983	96.49702
983.5	96.4981
984	96.49919
984.5	96.50027
985	96.50134
985.5	96.50241
986	96.50347
986.5	96.50453
987	96.50559
987.5	96.50664
988	96.50768
988.5	96.50871
989	96.50974
989.5	96.51076
990	96.51178
990.5	96.55183
991	96.59186
991.5	96.63186
992	96.67182
992.5	96.71176
993	96.75166
993.5	96.79153
994	96.83137
994.5	96.87118
995	96.91095
995.5	96.91188
996	96.91279
996.5	96.91369
997	96.91458
997.5	96.91546
998	96.91633
998.5	96.91719
999	96.91804
999.5	96.91887
1000	96.9197
1000.5	96.92051
1001	96.92131
1001.5	96.92209
1002	96.92286
1002.5	96.92362
1003	96.92437
1003.5	96.9251
1004	96.92582
1004.5	96.92652
1005	96.92721
1005.5	96.92789
1006	96.92855
1006.5	96.9292
1007	96.92983
1007.5	96.93044
1008	96.93104
1008.5	96.93162
1009	96.93219
1009.5	96.93274
1010	96.93327
1010.5	96.93379
1011	96.93428
1011.5	96.93476
1012	96.93523
1012.5	96.93567
1013	96.9361
1013.5	96.93651
1014	96.9369
1014.5	96.93727
1015	96.93762
1015.5	96.93795
1016	96.93826
1016.5	96.93856
1017	96.93883
1017.5	96.93908
1018	96.93931
1018.5	96.93953
1019	96.93972
1019.5	96.93989
1020	96.94003
1020.5	96.94016
1021	96.94027
1021.5	96.94035
1022	96.94041
1022.5	96.94045
1023	96.94046
1023.5	96.94046
1024	96.94043
1024.5	96.94038
1025	96.9403
1025.5	96.9402
1026	96.94008
1026.5	96.93993
1027	96.93976
1027.5	96.93956
1028	96.93934
1028.5	96.9391
1029	96.93883
1029.5	96.93853
1030	96.93821
1030.5	96.93786
1031	96.93749
1031.5	96.93709
1032	96.93667
1032.5	96.93621
1033	96.93574
1033.5	96.93523
1034	96.9347
1034.5	96.93414
1035	96.93356
1035.5	96.93294
1036	96.9323
1036.5	96.93163
1037	96.93093
1037.5	96.93021
1038	96.92945
1038.5	96.92867
1039	96.92786
1039.5	96.92702
1040	96.92615
1040.5	96.92525
1041	96.92432
1041.5	96.92337
1042	96.92238
1042.5	96.92136
1043	96.92031
1043.5	96.91924
1044	96.91813
1044.5	96.91699
1045	96.91582
1045.5	96.91462
1046	96.91339
1046.5	96.91212
1047	96.91083
1047.5	96.9095
1048	96.90814
1048.5	96.90675
1049	96.90533
1049.5	96.90388
1050	96.90239
1050.5	96.90087
1051	96.89932
1051.5	96.89773
1052	96.89611
1052.5	96.89446
1053	96.89278
1053.5	96.89106
1054	96.88931
1054.5	96.88752
1055	96.8857
1055.5	96.88385
1056	96.88196
1056.5	96.88004
1057	96.87808
1057.5	96.87609
1058	96.87406
1058.5	96.872
1059	96.8699
1059.5	96.86777
1060	96.8656
1060.5	96.86113
1061	96.85663
1061.5	96.85209
1062	96.84751
1062.5	96.84291
1063	96.83827
1063.5	96.8336
1064	96.82889
1064.5	96.82415
1065	96.81937
1065.5	96.81456
1066	96.80971
1066.5	96.80483
1067	96.79992
1067.5	96.79497
1068	96.78999
1068.5	96.78497
1069	96.77991
1069.5	96.77482
1070	96.7697
1070.5	96.76453
1071	96.75934
1071.5	96.7541
1072	96.74884
1072.5	96.74353
1073	96.73819
1073.5	96.73281
1074	96.7274
1074.5	96.72195
1075	96.71646
1075.5	96.71094
1076	96.70538
1076.5	96.69979
1077	96.69415
1077.5	96.68849
1078	96.68278
1078.5	96.67703
1079	96.67125
1079.5	96.66543
1080	96.65958
1080.5	96.65369
1081	96.64777
1081.5	96.6418
1082	96.6358
1082.5	96.62976
1083	96.62369
1083.5	96.61757
1084	96.61142
1084.5	96.60523
1085	96.599
1085.5	96.59273
1086	96.58643
1086.5	96.58008
1087	96.5737
1087.5	96.56728
1088	96.56082
1088.5	96.55432
1089	96.54778
1089.5	96.54121
1090	96.53459
1090.5	96.52794
1091	96.52124
1091.5	96.51451
1092	96.50774
1092.5	96.50093
1093	96.49408
1093.5	96.48719
1094	96.48026
1094.5	96.47329
1095	96.46629
1095.5	96.45924
1096	96.45215
1096.5	96.44503
1097	96.43786
1097.5	96.43065
1098	96.42341
1098.5	96.41612
1099	96.4088
1099.5	96.40143
1100	96.39403
1100.5	96.38745
1101	96.38084
1101.5	96.37419
1102	96.36749
1102.5	96.36076
1103	96.35398
1103.5	96.34716
1104	96.3403
1104.5	96.3334
1105	96.32646
1105.5	96.31947
1106	96.31245
1106.5	96.30538
1107	96.29827
1107.5	96.29112
1108	96.28393
1108.5	96.2767
1109	96.26943
1109.5	96.26211
1110	96.25475
1110.5	96.24736
1111	96.23991
1111.5	96.23243
1112	96.22491
1112.5	96.21734
1113	96.20974
1113.5	96.20209
1114	96.1944
1114.5	96.18666
1115	96.17889
1115.5	96.17107
1116	96.16322
1116.5	96.15532
1117	96.14738
1117.5	96.13939
1118	96.13137
1118.5	96.1233
1119	96.11519
1119.5	96.10705
1120	96.09886
1120.5	96.09063
1121	96.08236
1121.5	96.07405
1122	96.0657
1122.5	96.0573
1123	96.04886
1123.5	96.04038
1124	96.03186
1124.5	96.0233
1125	96.01469
1125.5	96.00605
1126	95.99736
1126.5	95.98863
1127	95.97985
1127.5	95.97104
1128	95.96218
1128.5	95.95329
1129	95.94435
1129.5	95.93537
1130	95.92634
1130.5	95.91728
1131	95.90817
1131.5	95.89902
1132	95.88983
1132.5	95.8806
1133	95.87133
1133.5	95.86202
1134	95.85266
1134.5	95.84326
1135	95.83382
1135.5	95.82434
1136	95.81482
1136.5	95.80526
1137	95.79565
1137.5	95.786
1138	95.77632
1138.5	95.76659
1139	95.75682
1139.5	95.74701
1140	95.73715
1140.5	95.72726
1141	95.71732
1141.5	95.70735
1142	95.69733
1142.5	95.68727
1143	95.67717
1143.5	95.66703
1144	95.65684
1144.5	95.64662
1145	95.63636
1145.5	95.62605
1146	95.61571
1146.5	95.60532
1147	95.59489
1147.5	95.58442
1148	95.57392
1148.5	95.56337
1149	95.55278
1149.5	95.54215
1150	95.53148
1150.5	95.52076
1151	95.51001
1151.5	95.49922
1152	95.48839
1152.5	95.47751
1153	95.4666
1153.5	95.45565
1154	95.44465
1154.5	95.43362
1155	95.42255
1155.5	95.41143
1156	95.40028
1156.5	95.38909
1157	95.37785
1157.5	95.36658
1158	95.35527
1158.5	95.34391
1159	95.33252
1159.5	95.32109
1160	95.30962
1160.5	95.29811
1161	95.28656
1161.5	95.27497
1162	95.26334
1162.5	95.25167
1163	95.23997
1163.5	95.22822
1164	95.21644
1164.5	95.20461
1165	95.19275
1165.5	95.18085
1166	95.16891
1166.5	95.15693
1167	95.14491
1167.5	95.13286
1168	95.12076
1168.5	95.10863
1169	95.09646
1169.5	95.08425
1170	95.072
1170.5	95.05971
1171	95.04739
1171.5	95.03503
1172	95.02263
1172.5	95.01019
1173	94.99772
1173.5	94.9852
1174	94.97265
1174.5	94.96007
1175	94.94744
1175.5	94.93478
1176	94.92208
1176.5	94.90934
1177	94.89656
1177.5	94.88375
1178	94.8709
1178.5	94.85802
1179	94.8451
1179.5	94.83214
1180	94.81914
1180.5	94.80611
1181	94.79304
1181.5	94.77994
1182	94.76679
1182.5	94.75362
1183	94.7404
1183.5	94.72715
1184	94.71387
1184.5	94.70055
1185	94.68719
1185.5	94.67379
1186	94.66036
1186.5	94.6469
1187	94.6334
1187.5	94.61986
1188	94.60629
1188.5	94.59268
1189	94.57904
1189.5	94.56537
1190	94.55165
1190.5	94.53791
1191	94.52413
1191.5	94.51031
1192	94.49646
1192.5	94.48257
1193	94.46866
1193.5	94.4547
1194	94.44072
1194.5	94.4267
1195	94.41264
1195.5	94.39855
1196	94.38443
1196.5	94.37028
1197	94.35609
1197.5	94.34186
1198	94.32761
1198.5	94.31332
1199	94.299
1199.5	94.28464
1200	94.27025