1237648704577601678 6.7502435e-05 9.028057e-05 0.0001740433 0.00041153491 0.0006109771 0.0007339594 0.0008425646 3.3244628e-06 3.484188e-06 9.033345e-06 1.7664233e-05 1.1615307e-05 1.4143389e-05 2.8805587e-05
1237648705115914384 3.1274888e-07 3.453276e-06 4.1400683e-05 0.00017224616 0.00035435866 0.00045019653 0.000547272 3.5134372e-07 2.820617e-07 3.567271e-06 3.5862922e-06 7.047208e-06 9.1696875e-06 1.8830624e-05
1237648705115914386 1.812953e-07 4.7996273e-06 5.585209e-05 0.00021325816 0.0004010672 0.000532274 0.0006535741 3.2335024e-07 3.1799243e-07 3.4971138e-06 4.1252306e-06 8.855963e-06 1.0261849e-05 2.0137586e-05
1237648705652785286 6.281768e-07 6.6255225e-06 0.00011147595 0.00045894756 0.0008811977 0.0012043238 0.0015194768 1.3914779e-07 2.8815452e-07 6.9674234e-06 8.819582e-06 1.6691029e-05 2.2801261e-05 4.559337e-05
1237648705669562978 -8.2469245e-15 5.963284e-06 1.1765098e-05 0.00017523525 0.0003267649 0.00040560152 0.0004085834 6.448882e-07 5.9815005e-07 8.377425e-06 4.3981427e-06 7.5782846e-06 9.814202e-06 2.7224374e-05
1237648720148430968 2.6619626e-05 4.3414424e-05 8.677695e-05 0.00022608133 0.00038416803 0.00041019067 0.00043939744 2.7928445e-06 1.7955176e-06 5.3113595e-06 4.6349332e-06 7.679288e-06 8.656725e-06 1.633584e-05
1237648720146530430 1.2548552e-06 7.5765695e-07 6.555019e-05 0.00027937643 0.0006519812 0.000800146 0.0013805289 5.652673e-06 4.0094346e-07 3.931066e-06 5.4326e-06 1.23900445e-05 1.5300395e-05 4.0134622e-05
1237648720148562065 1.12848376e-07 4.558514e-06 5.0303828e-05 0.00023343173 0.00047872815 0.00068841636 0.00093079184 1.243847e-06 7.441601e-07 3.8076012e-06 4.709075e-06 9.254654e-06 1.3433033e-05 2.829732e-05
1237648720147841432 3.0051056e-05 4.6108413e-05 8.6863474e-05 0.00023093568 0.00034132454 0.00038759215 0.0004297325 2.3799921e-05 2.3932798e-06 7.893073e-06 5.46683e-06 8.014254e-06 1.0123109e-05 2.3476767e-05
1237648720148562056 4.515201e-05 5.4562996e-05 0.00013218778 0.00029816775 0.00040053128 0.00045892468 0.0004992512 1.5907017e-05 2.251196e-06 7.52955e-06 5.903446e-06 7.885989e-06 9.718666e-06 1.8900708e-05
1237648720164880847 7.4314674e-05 9.435331e-05 0.00016771276 0.0003889564 0.00054599793 0.0006835334 0.0006784807 3.3325575e-06 3.618781e-06 1.1098387e-05 8.157644e-06 1.1297262e-05 1.5527037e-05 3.196354e-05
1237648721222762644 2.778335e-06 7.1738045e-06 8.630975e-05 0.00041458677 0.0009712331 0.0014777791 0.0017322334 5.404769e-07 4.92486e-07 4.8919887e-06 7.958068e-06 1.8334664e-05 2.790247e-05 4.9891063e-05
1237648721757274128 4.2383576e-06 -9.960473e-16 3.5749425e-05 0.00020673097 0.00050223863 0.0006718194 0.00080764975 1.9102728e-05 9.865367e-07 2.8635075e-06 4.144278e-06 9.694441e-06 1.6500453e-05 2.4960205e-05
1237648721759895774 3.6957653e-07 5.0065205e-06 6.097331e-05 0.0002901805 0.00055731845 0.00064982224 0.0008438862 7.783715e-07 6.0174773e-07 3.730996e-06 5.594304e-06 1.0597047e-05 1.2444455e-05 2.5777781e-05
1237648721770971312 0.0 0.0 8.532759e-05 0.00032503225 0.0006139858 0.00081351405 0.0009845714 inf inf 5.9904264e-06 6.406046e-06 1.19799915e-05 1.5861768e-05 3.3842807e-05
1237648722296504539 1.8925267e-07 5.0467156e-07 7.044197e-05 0.00034983893 0.0006230919 0.0008250244 0.0010466314 5.361573e-07 4.7288648e-07 3.689584e-06 6.547579e-06 1.1611061e-05 1.5375228e-05 2.9499812e-05
1237648722291196120 7.770359e-05 0.000116394105 0.00033256944 0.0009270826 0.001494462 0.0018882575 0.002256054 3.0172223e-06 4.3439163e-06 1.7922197e-05 1.7263768e-05 2.7747925e-05 3.5186666e-05 6.4874774e-05
1237648722306662513 7.668569e-05 0.00011076922 0.00018576154 0.0004910499 0.00072185794 0.0008805351 0.0009598286 4.0818445e-06 4.271146e-06 1.0590617e-05 9.424493e-06 1.9272698e-05 1.7231212e-05 3.1524272e-05
1237648722306597020 1.9236204e-05 3.6782316e-05 0.00015334615 0.00046965294 0.0007412588 0.00088937324 0.0010407495 2.0733937e-06 1.6350893e-06 2.936654e-05 8.918737e-06 1.40318425e-05 1.7118246e-05 3.2713335e-05
1237648722835079336 3.3268163e-05 3.8065657e-05 7.9141e-05 0.0002038052 0.0002951078 0.0003593139 0.00038463995 2.599432e-06 1.5721022e-06 4.501124e-06 3.9788656e-06 5.708856e-06 7.1939207e-06 1.3666752e-05
1237648722844385412 6.866161e-05 8.670337e-05 0.00012294807 0.00026051368 0.00033390676 0.00037866837 0.00040825873 2.7926444e-06 3.2441044e-06 6.712115e-06 5.0579865e-06 6.5527415e-06 7.798886e-06 1.554507e-05
1237649919504482500 9.2853425e-06 1.576059e-05 8.780392e-05 0.00037874552 0.00083469186 0.0010484518 0.001427551 1.5027747e-06 1.3662458e-06 6.132737e-06 7.478493e-06 1.5983982e-05 2.0165517e-05 4.333353e-05
1237649920041353370 3.702466e-06 1.174347e-05 8.551787e-05 0.00030671345 0.00050691655 0.00067501375 0.0007560471 5.894851e-07 6.502191e-07 5.520513e-06 6.093297e-06 9.899331e-06 1.3327623e-05 2.6050795e-05
1237649920041484373 3.7156797e-06 1.4150783e-05 0.000209255 0.0010354867 0.0021829961 0.0031519425 0.0040596398 6.89566e-07 7.934749e-07 1.1192882e-05 1.9466057e-05 4.0734507e-05 5.88244e-05 0.00011543936
1237649954403647649 7.86583e-09 3.4795721e-06 8.712928e-05 0.0005077835 0.001236933 0.001691125 0.0017781607 3.664884e-07 3.6662786e-07 5.1387833e-06 9.667944e-06 2.320361e-05 3.177047e-05 5.0932667e-05
1237649954403647770 7.7078397e-07 3.3852934e-06 7.6403405e-05 0.0004335226 0.0010549402 0.0012357552 0.0018900926 3.887383e-07 3.606193e-07 4.788532e-06 8.331708e-06 1.9861425e-05 2.3320266e-05 5.4870998e-05
1237649954403778663 9.0510616e-07 4.0143555e-06 6.980596e-05 0.00034144416 0.0006992559 0.0009787806 0.0012913409 4.7449285e-07 4.1851595e-07 3.8629925e-05 6.443739e-06 1.30741555e-05 1.831592e-05 3.701091e-05
1237649954403844254 1.3500246e-06 5.4465013e-06 0.00015335323 0.00078090915 0.0017177652 0.0027749108 0.003101765 8.9795014e-07 8.719728e-07 7.830913e-06 1.4574883e-05 3.190652e-05 5.1477095e-05 8.722918e-05
1237649954403647590 3.4806885e-07 6.7534006e-06 0.0001025966 0.00067908317 0.0015202493 0.0022733677 0.0025518376 5.9819365e-07 6.4697895e-07 6.6312164e-06 1.2936176e-05 2.855253e-05 4.2653737e-05 7.370555e-05
1237649954403647805 1.0253917e-06 3.3898805e-06 5.746944e-05 0.00030789993 0.00060855167 0.0007461569 0.0011247109 4.3650022e-07 4.078793e-07 5.1843263e-06 6.141872e-06 1.1752458e-05 1.44654305e-05 3.641038e-05
1237649962993057926 2.6090286e-06 8.974545e-06 0.000116923686 0.0005732728 0.0012492851 0.0017636047 0.002514476 9.60353e-07 1.0079232e-06 6.75945e-06 1.086971e-05 2.3461833e-05 3.3175165e-05 7.25682e-05
1237649962994696533 8.378361e-05 8.64118e-05 0.00017635265 0.00031644764 0.00041132828 0.0004418484 0.0004831374 3.968367e-06 3.5257171e-06 1.316587e-05 7.0704746e-06 9.578297e-06 1.2505293e-05 4.3197397e-05
1237650761322201203 3.7509075e-05 5.872764e-05 0.00014590316 0.0004252684 0.00067463977 0.0007393833 0.0007519462 2.3911991e-06 2.309124e-06 9.794801e-06 8.3930045e-06 1.3067099e-05 1.6047577e-05 2.9798764e-05
1237651066810990750 3.164363e-05 4.1071457e-05 8.536661e-05 0.00022405367 0.00032403937 0.0004023601 0.00046162523 1.7383786e-06 1.6338602e-06 5.212313e-06 8.119414e-06 6.4063997e-06 8.0962855e-06 1.8506156e-05
1237651190286975169 2.1185665e-06 7.1327063e-06 8.2339386e-05 0.0003283946 0.000649648 0.00085025985 0.0008655917 1.2057008e-06 7.036205e-07 7.702006e-06 8.374321e-06 1.2990687e-05 1.6440483e-05 3.340661e-05
1237651190286975184 5.5374055e-10 6.124446e-06 6.664318e-05 0.00035987448 0.0007873786 0.0010237036 0.0010940434 9.0988783e-07 5.465825e-07 6.7318188e-06 7.042317e-06 1.5133586e-05 1.9608988e-05 3.2584492e-05
1237651190817685789 9.999864e-07 9.461903e-06 6.845066e-05 0.00031788938 0.00067675853 0.00095754984 0.0010977682 5.879799e-06 3.1541927e-06 4.196728e-06 6.1549454e-06 1.2855017e-05 1.8184093e-05 3.214487e-05
1237651190283829359 7.327305e-05 0.000101953105 0.00014164696 0.0002534494 0.0002891213 0.0003400154 0.00034868155 1.611087e-05 3.975325e-06 7.888016e-06 5.0951476e-06 5.986634e-06 6.9510957e-06 1.6656246e-05
1237651191355932803 2.179601e-06 7.092693e-06 0.00014782399 0.00074311864 0.0017603595 0.002497738 0.0033100308 5.1629695e-06 5.313883e-07 8.204542e-06 1.4091518e-05 3.302206e-05 4.6857316e-05 9.421835e-05
1237651191354622160 4.5553936e-08 3.4475302e-06 4.7148485e-05 0.00024270565 0.0005409844 0.00079426076 0.0008029146 2.6735762e-07 4.006165e-07 3.4087257e-06 4.716058e-06 1.0341588e-05 1.5158733e-05 2.404124e-05
1237651190818668688 1.8049598e-06 4.0946206e-06 3.559703e-05 0.00017749082 0.00045517192 0.00072539435 0.0010515843 5.451082e-06 4.19746e-07 3.230803e-06 3.6556344e-06 8.843879e-06 1.401864e-05 3.1456297e-05
1237651190819455171 0.00010014989 0.00012084459 0.0001781783 0.0004196418 0.0005441611 0.0006325981 0.00063995563 2.2126698e-05 1.09394305e-05 9.543114e-06 8.029054e-06 1.0601121e-05 1.25419165e-05 2.354525e-05
1237651191357243511 4.6625493e-05 5.5584518e-05 0.000105979634 0.0002524528 0.00031512984 0.0003607801 0.00038647722 3.0075112e-06 2.3759058e-06 6.186232e-06 4.9724767e-06 6.3197804e-06 7.42499e-06 1.6548267e-05
1237651190819324118 2.869699e-05 6.170414e-05 9.518563e-05 0.00026572097 0.00042015963 0.000544194 0.00048394263 7.193573e-06 2.4748867e-06 6.460695e-06 5.500474e-06 8.560712e-06 1.13347205e-05 2.0863221e-05
1237651190286319747 4.1906193e-07 3.1358454e-06 6.0294733e-05 0.00029497623 0.0006319342 0.00086511706 0.0011235273 3.1940337e-07 3.448116e-07 3.2869618e-06 5.5493456e-06 1.1795111e-05 1.615564e-05 3.165178e-05
1237651191887233652 7.9756624e-05 7.648771e-05 0.00022760834 0.00045785322 0.0005770667 0.0006065135 0.00064041617 4.942201e-06 3.3408821e-06 1.2459122e-05 9.045727e-06 1.1520371e-05 2.3720957e-05 3.1339197e-05
1237651191896080689 3.4529392e-05 4.8785103e-05 9.6578486e-05 0.00024483577 0.00037761295 0.00045327234 0.00048068317 5.8020014e-06 2.0973512e-06 6.457431e-06 5.028408e-06 7.767657e-06 9.664417e-06 6.994175e-05
1237651191896146138 5.3684784e-05 7.28833e-05 0.00012150841 0.00026579015 0.00034644504 0.00040913405 0.00044684208 5.817237e-06 2.9704536e-06 5.940902e-06 4.979844e-06 6.51843e-06 7.78338e-06 1.3986047e-05
1237651192431902942 5.432882e-12 2.5772247e-06 9.269601e-05 0.0007542304 0.0013624273 0.0019722795 0.0027450512 6.8842076e-07 3.8981216e-07 5.0837893e-06 1.4265424e-05 2.5524483e-05 3.6874582e-05 7.768522e-05
1237651192432885909 1.7800269e-06 5.8020883e-06 9.634238e-05 0.00043829408 0.0008690514 0.0012338599 0.0014616895 8.9233396e-07 7.833459e-07 5.500014e-06 8.285362e-06 1.6303815e-05 2.3116954e-05 4.7485843e-05
1237651191899947268 6.4033775e-05 9.326582e-05 0.00012690635 0.00029291582 0.00039070105 0.00044484285 0.00044426607 9.354444e-06 3.6687532e-06 8.15229e-06 6.0108455e-06 8.200754e-06 9.9749095e-06 2.1465676e-05
1237651213361349094 9.040296e-07 3.1053198e-06 5.300079e-05 0.0002475999 0.0005337723 0.00072581804 0.0009164357 1.620518e-07 1.6242527e-07 3.21655e-06 4.791493e-06 1.01248825e-05 1.384786e-05 2.683119e-05
1237651225171722431 6.0315477e-05 7.5972384e-05 0.0001598814 0.0003217463 0.00040268706 0.0004255584 0.0004732735 2.5364836e-06 2.853388e-06 8.215454e-06 6.2127583e-06 7.844979e-06 1.2741781e-05 1.8183333e-05
1237651226245005464 4.725628e-05 5.855577e-05 0.00011483821 0.00027848454 0.0004034875 0.0004895317 0.0005656133 2.4897956e-06 2.2054955e-06 1.0925473e-05 5.9160766e-06 8.711351e-06 1.1833086e-05 0.0001375357
1237651226245005503 4.641279e-05 6.003626e-05 0.00012717974 0.00027574282 0.00035385095 0.00040093443 0.00043350464 2.478022e-06 2.26022e-06 7.5637104e-06 5.415534e-06 7.003449e-06 8.364812e-06 1.6957993e-05
1237651226783121688 1.5728676e-06 6.5442937e-06 0.00010929774 0.0005227895 0.0011646206 0.0017128363 0.0022077214 2.389913e-07 3.0256558e-07 6.4961296e-06 9.983942e-06 2.1935033e-05 3.2323907e-05 6.3308114e-05
1237651226244809105 3.134831e-05 5.0958384e-05 0.00011797667 0.00027846705 0.00035287463 0.00037287275 0.00038939502 9.147948e-06 5.996696e-06 6.807783e-06 5.487109e-06 7.0606775e-06 8.192888e-06 1.7836743e-05
1237651249878139037 8.171646e-07 4.454507e-06 7.052945e-05 0.0003662442 0.00074434816 0.0010190562 0.0012648115 4.0260127e-07 4.095022e-07 4.2421657e-06 6.9648554e-06 1.3942986e-05 1.9144549e-05 3.6156533e-05
1237651250945589513 4.831791e-08 3.830189e-06 6.3136984e-05 0.00029969148 0.0006265924 0.0008646381 0.0011150524 3.9611288e-07 4.8567136e-07 4.309248e-06 5.896671e-06 1.20112045e-05 1.6590386e-05 3.3244814e-05
1237651250945589301 9.197104e-06 1.5063212e-05 8.117024e-05 0.00022211905 0.00039978995 0.0005485569 0.0006249784 1.2302038e-06 1.1209725e-06 7.239905e-06 1.4277777e-05 1.147386e-05 1.1793068e-05 2.6870099e-05
1237651250956664884 6.5784725e-11 5.0702665e-06 8.7004926e-05 0.0005074476 0.0010372363 0.0015176677 0.0014583679 2.9954714e-07 3.3545413e-07 5.1401025e-06 9.681974e-06 1.9550233e-05 2.8780087e-05 4.2128882e-05
1237651250946507086 4.911597e-05 4.6090434e-05 9.9007164e-05 0.00026309473 0.00042185595 0.0005306324 0.00065345987 1.5522468e-05 7.0661504e-06 7.708356e-06 5.600353e-06 8.883006e-06 1.31764855e-05 2.856691e-05
1237651250949062814 3.2659635e-05 5.4374774e-05 0.00011487678 0.00026517818 0.00037281247 0.00040949168 0.00046482752 1.06205325e-05 2.2407637e-06 6.1359974e-06 5.1753614e-06 7.3008414e-06 8.2434035e-06 1.6816892e-05
1237651250955878511 6.8848996e-05 8.253569e-05 0.00013812984 0.00025677623 0.00033992267 0.00037577035 0.0004255667 8.118407e-06 3.2590253e-06 7.866377e-06 5.1598327e-06 6.9172693e-06 8.100186e-06 1.8681312e-05
1237651251478200548 1.5114156e-06 5.896559e-06 0.00012344265 0.00063563633 0.0013675588 0.0019083312 0.0024815348 6.74102e-07 6.3821045e-07 6.9629614e-06 1.2119263e-05 2.5751982e-05 3.593093e-05 7.140065e-05
1237651251487441042 0.0 0.0 9.130587e-05 0.00022722223 0.0004501099 0.0005412885 0.00052919297 inf inf 6.5586487e-06 4.7227363e-06 9.45636e-06 1.1373449e-05 2.5080593e-05
1237651251482394823 5.4415933e-10 6.4545507e-06 0.000107541564 0.00050905044 0.0010399278 0.0014285768 0.0019782493 4.2422042e-07 5.499799e-07 5.950491e-06 9.619717e-06 1.9542533e-05 2.684922e-05 5.6629826e-05
1237651251487899862 0.0 0.0 0.00010348109 0.00051108183 0.0009859632 0.0014769294 0.0016509768 inf inf 6.1915543e-06 1.7717259e-05 1.8689614e-05 2.7989605e-05 4.9237704e-05
1237651251492618327 0.0 0.0 0.0001360648 0.00024244582 0.00027529304 0.00028279956 0.0002945259 inf inf 7.2516896e-06 4.739144e-06 6.314572e-06 5.9610247e-06 1.3924176e-05
1237651252024181003 3.2896633e-06 6.820443e-06 0.000103435494 0.00055577 0.0011987286 0.0017315291 0.0023436854 3.7817297e-06 5.848475e-07 5.748282e-06 1.0591647e-05 2.2582375e-05 3.265695e-05 6.6716355e-05
1237651252024377566 9.754167e-07 2.3704113e-06 4.6616442e-05 0.00017412327 0.00034748978 0.00047294624 0.0005907021 7.721313e-07 4.9055353e-07 3.3191493e-06 3.5292644e-06 6.8078266e-06 9.335939e-06 1.8704653e-05
1237651252561051820 7.4900463e-06 1.276339e-05 0.00012272723 0.000580491 0.0013623321 0.0017122785 0.0021623753 5.1568627e-06 7.8844823e-07 6.9534794e-06 1.1008283e-05 2.5576806e-05 3.227132e-05 6.183962e-05
1237651252562297077 1.5531048e-05 2.5540943e-05 7.478193e-05 0.00022234654 0.00034352732 0.00043183597 0.00049752527 1.3306446e-06 1.2177012e-06 4.4292888e-06 4.3559776e-06 6.599117e-06 8.490483e-06 1.5952153e-05
1237651271364247611 9.4914435e-07 4.6666264e-06 7.48434e-05 0.00028381924 0.0006599446 0.0008818462 0.0010946871 3.4281837e-07 3.0528687e-07 4.4370954e-06 5.495153e-06 1.2489231e-05 1.6757043e-05 3.1746382e-05
1237651271364247623 1.5812548e-06 5.5651863e-06 8.898004e-05 0.0004584807 0.001049527 0.0014464066 0.0015832325 4.2178038e-07 3.421332e-07 4.75704e-06 8.729733e-06 1.9690975e-05 2.7198315e-05 4.524458e-05
1237651272425603225 5.354168e-05 6.182792e-05 0.000118551754 0.00031321208 0.00042322752 0.00048408893 0.0005026875 1.232441e-05 2.5215445e-06 6.9246666e-06 6.2132713e-06 8.37568e-06 9.861551e-06 2.0517195e-05
1237651272955068659 1.1126823e-06 5.251709e-06 0.00014136107 0.00062003545 0.0011959517 0.0016786096 0.0021148373 7.833419e-07 7.0973755e-07 7.9943e-06 1.65769e-05 2.2344235e-05 3.1395284e-05 6.119441e-05
1237651272425537762 1.8480728e-06 9.488526e-06 0.00015957745 0.0007155404 0.0014318948 0.0019806412 0.0025754059 7.8224375e-06 6.055415e-07 8.63589e-06 1.351707e-05 2.6819871e-05 3.7191538e-05 7.3665935e-05
1237651274033791119 9.917711e-05 0.000104022765 0.00015111775 0.0003414485 0.00044181585 0.0005327222 0.00055790925 5.3698054e-06 4.073813e-06 8.139669e-06 6.5393606e-06 8.561254e-06 2.4175311e-05 2.0395046e-05
1237651297650278676 0.00012164753 0.0001632525 0.00029964824 0.0007181778 0.0010453096 0.0013806799 0.001448186 4.587648e-06 6.0665207e-06 2.3262484e-05 1.4734251e-05 2.1478887e-05 2.938547e-05 6.0312228e-05
1237651310534721789 0.00015549635 0.00019249374 0.00032117259 0.0006282882 0.00070496346 0.00072729617 0.00083100883 5.922997e-06 7.132527e-06 1.6038926e-05 1.2010778e-05 1.361794e-05 1.4020467e-05 3.701866e-05
1237651311607939239 4.8221533e-05 5.3016487e-05 0.00015432034 0.00036201137 0.0005412191 0.00066499185 0.00071745337 2.9600342e-06 2.28051e-06 8.726457e-06 7.018148e-06 1.0444987e-05 1.3063999e-05 2.62869e-05
1237651297649951153 6.6668996e-05 8.545554e-05 0.00014971576 0.00031715166 0.0004356155 0.0005266437 0.000537386 2.6064147e-06 3.1831653e-06 1.1551598e-05 6.5542895e-06 1.5352338e-05 1.210906e-05 2.6523481e-05
1237651495755776364 7.4711363e-07 4.3335067e-06 4.8949503e-05 0.00020039006 0.00041194848 0.0004827292 0.0006048821 5.302893e-07 4.931129e-07 3.969951e-06 4.1249195e-06 8.13246e-06 9.588523e-06 1.9977342e-05
1237651497371238734 2.8027996e-05 3.9853727e-05 8.059838e-05 0.00026529477 0.0004019987 0.00051077007 0.00064045814 2.4839426e-06 1.7971805e-06 2.11779e-05 5.9413524e-06 8.878248e-06 1.5619298e-05 2.9437928e-05
1237651539792298237 2.9930676e-05 4.955921e-05 0.000106847154 0.00028882333 0.00047006778 0.00054933224 0.0005765711 1.272514e-06 1.8712032e-06 6.127095e-06 5.6321473e-06 9.159678e-06 1.1116277e-05 2.2779144e-05
1237651540329169000 4.5992005e-05 5.8859212e-05 0.00013353491 0.00024002885 0.00032146426 0.00039690055 0.00041142188 1.8751693e-06 2.2154077e-06 8.480704e-06 6.291304e-06 6.6344132e-06 9.060564e-06 2.1814978e-05
1237651735221371186 4.7420413e-05 6.562107e-05 0.00011915154 0.00031362296 0.00043642265 0.00051107723 0.00055244344 1.9562149e-06 2.5019085e-06 9.217962e-05 7.1236227e-06 9.445291e-06 1.2197148e-05 3.310287e-05
1237651736842928318 5.7507026e-05 7.956333e-05 0.0001190348 0.00028694145 0.00031929518 0.00040633662 0.0003566349 2.7358863e-06 3.0652525e-06 6.488809e-06 5.551035e-06 6.2828203e-06 8.311636e-06 1.5986876e-05
1237651736843124932 3.443444e-05 5.3886462e-05 0.0001317231 0.00030194278 0.00042633558 0.0005033557 0.00054154923 1.1792545e-05 7.048386e-06 7.841952e-06 8.845038e-06 8.3813375e-06 1.0364662e-05 2.4529463e-05
1237651737370820761 2.404154e-06 6.919615e-06 0.00012760608 0.00060087896 0.0012663543 0.0018047977 0.0023813632 7.289972e-07 5.3077235e-07 7.4262853e-06 1.1525834e-05 2.3883895e-05 3.4137316e-05 6.8634356e-05
1237651737907757131 6.699245e-05 0.00010094123 0.00014018042 0.0003303915 0.00041552805 0.00046518087 0.0004966431 3.4706854e-06 3.9105594e-06 8.687471e-06 6.521244e-06 8.413932e-06 1.0081403e-05 2.4205301e-05
1237651752403206186 1.9588631e-05 3.114245e-05 0.00010204584 0.00028692008 0.00047153418 0.0005762764 0.00068583305 8.2845554e-07 1.1745158e-06 6.7370293e-06 5.920598e-06 9.432104e-06 5.2284584e-05 2.7180264e-05
1237651752400912643 2.3439003e-05 3.4569384e-05 8.2146136e-05 0.00024715977 0.00038151283 0.0004557129 0.00045548702 1.0720875e-06 1.3612013e-06 9.266561e-06 6.620197e-06 8.758873e-06 1.254677e-05 3.1662163e-05
1237651752922906756 7.145706e-07 8.036608e-07 3.6226655e-05 0.00017666824 0.00040204794 0.0005361401 0.00066364155 2.4135952e-07 2.5096034e-07 2.9989938e-06 3.594909e-06 7.808892e-06 1.0233989e-05 2.081574e-05
1237651752923169090 2.9753226e-05 4.3407792e-05 9.252378e-05 0.00027579934 0.00043035444 0.0005402126 0.0006994826 1.2056692e-06 1.6467184e-06 7.5794132e-06 5.783001e-06 8.953338e-06 1.0909231e-05 3.1195385e-05
1237651753466134914 8.087839e-05 0.000115204246 0.00018998649 0.0003926405 0.0005308234 0.00060254807 0.00061797677 4.7511908e-06 4.9692644e-06 1.1703079e-05 7.782971e-06 1.07190945e-05 1.3257589e-05 2.9797917e-05
1237651753460105230 1.4046926e-06 6.9868674e-06 0.00014991775 0.0007115663 0.001472387 0.0020723906 0.0026410865 1.06504594e-07 2.8000704e-07 7.877176e-06 1.3433726e-05 2.7585571e-05 3.8896695e-05 7.50829e-05
1237651753460040062 5.919653e-07 3.8199487e-06 5.8260648e-05 0.00024527882 0.00048459484 0.0006871043 0.0008330296 7.7966746e-08 1.6836773e-07 4.191823e-06 4.8742354e-06 9.395144e-06 1.33967405e-05 2.6216354e-05
1237651753466200151 9.722824e-07 1.0054237e-05 0.00018319252 0.00068015145 0.0014087182 0.0019294601 0.002569678 1.3347561e-06 1.1815392e-06 1.1095036e-05 1.3074578e-05 2.6659465e-05 3.6707126e-05 7.5822754e-05
1237651753476751461 5.829682e-05 8.356009e-05 0.00014538619 0.00033635212 0.00043519863 0.00049126864 0.000499148 2.2518514e-06 3.10381e-06 8.648024e-06 6.6661055e-06 8.7995e-06 1.06923235e-05 2.4900404e-05
1237651754004316256 0.0 1.0811828e-05 0.00020927956 0.00110711 0.0020801323 0.002928498 0.0042225025 inf 8.4293896e-07 1.1868629e-05 2.0852274e-05 3.8988568e-05 5.4971788e-05 0.00012061623
1237651754002808917 7.067591e-07 3.2572111e-06 5.4255604e-05 0.0002034175 0.00048063468 0.0006630959 0.00078164705 4.094251e-07 4.3675516e-07 4.296472e-06 4.042184e-06 9.2594355e-06 1.2848167e-05 2.5035491e-05
1237651754002809062 5.9648417e-05 7.915391e-05 0.0001520164 0.0003422906 0.0004921526 0.000605873 0.0006103326 3.1312268e-06 3.243883e-06 1.0123947e-05 6.8712206e-06 9.95696e-06 1.2858583e-05 3.2304633e-05
1237651754022535360 5.555603e-07 4.9808323e-06 7.141736e-05 0.00028176644 0.00054591376 0.00088518526 0.000875694 2.4032255e-07 3.1257088e-07 5.2735013e-06 5.5378728e-06 1.125915e-05 1.710048e-05 2.899768e-05
1237651753997107292 1.1192801e-06 5.5766754e-06 7.6635624e-05 0.0003589663 0.00074172963 0.00096683035 0.0014331541 7.0922304e-08 2.1851284e-07 5.2791e-06 6.992585e-06 1.4610316e-05 1.8607892e-05 4.3813434e-05
1237651754534699351 0.000107731095 0.00014915268 0.0003675054 0.0008044017 0.0011822734 0.0014518643 0.0014715249 4.188043e-06 5.5726864e-06 2.3474979e-05 1.5847138e-05 2.3373757e-05 3.0487749e-05 6.391292e-05
1237651801236767013 2.3008048e-05 3.4024004e-05 9.163019e-05 0.00022357097 0.00034544984 0.00040197134 0.00045425785 7.456627e-06 1.5502093e-06 8.0646e-06 4.7146177e-06 7.434628e-06 9.4544e-06 2.9687671e-05
1237651801770688761 6.8612853e-06 1.8096021e-05 0.00019248923 0.0009651239 0.0021916465 0.002830085 0.0036403902 6.775512e-07 9.305856e-07 9.830705e-06 1.8038101e-05 4.0692667e-05 5.2627285e-05 0.00010207849
1237651801771016326 2.0309639e-05 3.565294e-05 0.00011752829 0.00035145355 0.0005540383 0.00063907047 0.00072887406 1.2898734e-06 1.5020833e-06 7.18133e-06 6.9576913e-06 1.0826525e-05 1.2869468e-05 2.558734e-05
1237651754537255211 7.8874416e-07 1.2148311e-05 0.00016941864 0.0006532357 0.001156432 0.0015253323 0.0018216185 5.257144e-07 6.7836436e-07 8.942731e-06 1.240329e-05 2.1752192e-05 2.8789205e-05 5.269346e-05
1237651801771343984 1.8675794e-07 2.628591e-06 5.395889e-05 0.00024737045 0.0004761525 0.00065317785 0.0008237896 1.606724e-07 2.5806517e-07 3.6770205e-06 4.765685e-06 9.019245e-06 1.24385915e-05 2.4500856e-05
1237651801771344010 2.169272e-07 4.4827984e-06 3.883165e-05 0.00017170416 0.0003693938 0.00049235945 0.000583778 1.8866335e-07 3.2265044e-07 4.438164e-06 3.7014747e-06 7.483642e-06 1.0248566e-05 2.1499683e-05
1237651821638713495 7.8900865e-07 4.920436e-06 8.2019455e-05 0.00035938792 0.00065406977 0.000937106 0.0010603224 4.905375e-07 5.287817e-07 6.1312735e-06 7.1704044e-06 1.2898077e-05 1.7789826e-05 3.3561788e-05
1237651821638844561 3.9403008e-07 6.0958896e-06 7.586637e-05 0.00029404883 0.000487409 0.0006458149 0.00077381975 5.160599e-07 4.8766765e-07 5.523189e-06 5.8105206e-06 9.376363e-06 1.25900815e-05 2.4757957e-05
1237651822175912163 2.9593427e-06 2.8499515e-05 0.000376005 0.001487462 0.0027242638 0.0035565014 0.004324343 4.579321e-07 1.1779911e-06 1.8353927e-05 2.7765953e-05 5.070391e-05 6.626709e-05 0.00012178823
1237651821638844633 1.0441122e-06 9.0371595e-06 8.884451e-05 0.00031404625 0.0005922289 0.000792443 0.00093133445 5.471684e-07 5.899617e-07 6.6918233e-06 6.1313067e-06 1.1348691e-05 1.5444492e-05 3.0026384e-05
1237651822175781173 3.240893e-05 3.76208e-05 0.00010434901 0.0002487344 0.0003632304 0.00043869033 0.0004932203 1.6345788e-06 1.5217793e-06 6.56125e-06 4.9826276e-06 7.308095e-06 9.1686225e-06 2.0636502e-05
1237651822175912245 3.072757e-05 4.7629354e-05 8.167448e-05 0.00023663903 0.00034800923 0.00042263186 0.000469441 1.5740084e-06 1.8662292e-06 7.1209706e-06 5.0353688e-06 7.5065873e-06 9.848457e-06 2.5655174e-05
1237651822716256545 0.0001505899 0.00018420625 0.00029695668 0.00059615663 0.00074918283 0.0008117216 0.0008848923 9.313751e-06 7.0848528e-06 1.57561e-05 1.1364692e-05 1.4436552e-05 1.6143069e-05 3.5741432e-05
1237651823251423678 1.1248288e-05 1.6239248e-05 6.414972e-05 0.00019485888 0.00035255772 0.00047120726 0.00050498225 1.1622657e-06 1.0231977e-06 6.7190217e-06 4.3873297e-06 7.600443e-06 1.0656644e-05 4.292507e-05
1237651823251685715 2.3910798e-07 3.9106294e-06 5.1329727e-05 0.00022056446 0.00044074852 0.00059445214 0.00077318633 2.0998276e-07 2.9727605e-07 5.04947e-06 4.495067e-06 8.660944e-06 1.1871996e-05 2.8068582e-05
1237651823251685646 1.8602159e-06 6.625562e-06 0.00013649261 0.00066434074 0.0014192871 0.001974999 0.00261885 3.945548e-07 4.509341e-07 8.902393e-06 1.2772843e-05 2.6782704e-05 3.741959e-05 7.666629e-05
1237651823251751337 2.4977704e-05 3.721202e-05 7.482583e-05 0.00023741087 0.00035693933 0.00047806988 0.00053694367 1.2376892e-06 1.4921137e-06 7.64654e-06 5.1574766e-06 7.798601e-06 1.12095895e-05 2.6876976e-05
1237652599563682421 0.00046523352 0.0006215727 0.002224847 0.004902348 0.0068637994 0.0071087615 0.0069838464 2.0614676e-05 2.4076742e-05 0.00017539274 0.00010390989 0.00015975066 0.00018551985 0.0003320172
1237652599035592739 3.1658285e-05 4.2263346e-05 0.00011556154 0.00034440152 0.0006061967 0.00073733553 0.00093870534 2.325558e-06 1.8667065e-06 1.3057556e-05 8.343676e-06 1.7016726e-05 1.5938109e-05 4.3750362e-05
1237652599035527438 0.00019173317 0.00025216822 0.0004958475 0.0012039818 0.0017514091 0.0022463456 0.0023018285 8.261757e-06 9.496246e-06 3.150039e-05 2.3217019e-05 3.3663026e-05 4.8296195e-05 7.738207e-05
1237652599035593021 6.0420578e-05 6.8306515e-05 0.0001260414 0.00029866528 0.0004319288 0.00051154353 0.0006494805 3.3659514e-06 2.7480494e-06 1.10706815e-05 6.9836624e-06 9.607233e-06 1.1456835e-05 9.758043e-05
1237652599572136093 2.9137122e-05 4.273977e-05 0.000118367614 0.0003407452 0.000528963 0.0006620029 0.00073670043 2.8744582e-06 1.7944759e-06 6.766804e-06 6.576607e-06 1.011263e-05 1.2750658e-05 2.3583592e-05
1237652600109007104 0.0 0.0 0.0001100103 0.00022342942 0.00030442904 0.00034901392 0.0003566678 inf inf 9.803201e-06 4.9457085e-06 6.7778988e-06 8.492607e-06 3.4554043e-05
1237652600097997326 7.967052e-05 7.0802314e-05 0.00021316812 0.0004914219 0.0006937639 0.00081392535 0.00086591626 4.330434e-06 3.0349304e-06 1.3062114e-05 9.636997e-06 1.3528394e-05 1.6579863e-05 3.6851274e-05
1237652600634081568 4.0005925e-05 5.6506622e-05 0.00012543135 0.00045913234 0.00089497585 0.0011851331 0.0013633188 2.5300496e-06 2.1954672e-06 2.3745317e-05 8.834011e-06 1.693355e-05 2.2572664e-05 4.0676478e-05
1237652600634279186 2.6135034e-05 3.630093e-05 9.4326584e-05 0.00022977951 0.00034886535 0.00040790695 0.0005028607 1.4626846e-06 1.5017313e-06 8.783606e-06 5.2015894e-06 7.6268884e-06 9.92687e-06 2.5546402e-05
1237652600649416964 9.277225e-05 0.00012408548 0.0001610644 0.000425064 0.0005762621 0.00066364143 0.0006569873 4.6793107e-06 4.896362e-06 1.1736982e-05 8.862534e-06 1.1958975e-05 1.46754055e-05 3.1290285e-05
1237652601170559736 2.453409e-05 3.002128e-05 0.00012012359 0.0003057844 0.00048053983 0.00057951687 0.0006794482 2.3392756e-06 1.3049248e-06 7.859498e-06 6.10968e-06 9.422532e-06 1.1708165e-05 2.361845e-05
1237652630713598129 1.318389e-06 3.2270218e-06 3.1311003e-05 0.0001799858 0.00038368683 0.00052744214 0.0006675641 5.0546504e-07 4.861353e-07 2.824962e-06 3.6536753e-06 7.4449445e-06 1.0337498e-05 2.060295e-05
1237652630713663600 1.9200231e-06 7.4667237e-06 0.00012356046 0.00063128426 0.0013889092 0.0019236492 0.0025402913 6.899625e-07 7.9039967e-07 7.6355045e-06 1.2120989e-05 2.6161884e-05 3.6284528e-05 7.2790644e-05
1237652630713663639 1.8995339e-06 4.3082296e-06 6.515325e-05 0.00034324222 0.00090942346 0.0010471717 0.001335808 5.870069e-07 5.901198e-07 4.646536e-06 6.7187407e-06 1.7217313e-05 1.9960666e-05 3.9090206e-05
1237652630713729224 7.1645457e-07 4.522412e-06 7.2756266e-05 0.00040503297 0.0009074251 0.0012670017 0.0018203331 4.774329e-07 5.447097e-07 1.7124265e-05 7.633061e-06 1.6920849e-05 2.3686838e-05 5.164557e-05
1237652630713860199 1.7247697e-06 4.5872407e-06 0.00014527244 0.0008232383 0.001693901 0.0023327605 0.0030626173 7.102565e-06 3.6633971e-06 8.280346e-06 1.559639e-05 3.170663e-05 4.3749595e-05 8.920301e-05
1237652630713663573 1.2613327e-06 4.426997e-06 3.603803e-05 0.00020738601 0.0006618181 0.0006532471 0.0007778188 4.368988e-07 5.171543e-07 2.6421474e-06 4.142248e-06 1.2627216e-05 1.260798e-05 2.323047e-05
1237652630713794693 5.099641e-07 2.2381075e-06 5.3784745e-05 0.00023552786 0.0004918132 0.0006711228 0.0008767768 5.3421434e-07 4.850805e-07 4.3605287e-06 4.766265e-06 9.524766e-06 1.3118313e-05 2.7244716e-05
1237652900752588878 5.8450016e-12 4.776367e-12 4.376563e-05 0.00023904564 0.0004930728 0.0006624102 0.00094044476 6.4901624e-06 2.6019748e-06 3.7702403e-06 4.7506564e-06 9.471551e-06 1.279544e-05 2.8962e-05
1237652900752588919 1.6934947e-06 5.661467e-06 5.8885198e-05 0.00030524182 0.0005849666 0.00082700397 0.0012356722 6.642002e-06 2.8751497e-06 4.8182046e-06 2.6472047e-05 1.12123325e-05 1.5897722e-05 3.808955e-05
1237652900752654524 5.205458e-06 2.8454472e-06 0.00011033988 0.0007417888 0.0015269138 0.002726913 0.0028724947 6.107442e-06 2.7411256e-06 6.4135265e-06 1.3996382e-05 2.85476e-05 5.0939987e-05 8.190244e-05
1237652900752588950 2.980271e-07 1.001907e-07 6.331554e-05 0.00029232923 0.00061462354 0.000978938 0.0011761308 6.4603782e-06 2.472947e-06 4.6014056e-06 5.683106e-06 1.1698269e-05 1.8642291e-05 3.5865007e-05
1237652900752654499 -2.0407046e-07 1.1442406e-05 0.0001800088 0.00079351314 0.0015771817 0.002129717 0.0026913953 1.2089251e-05 5.0071253e-06 1.2583932e-05 1.5178215e-05 2.96885e-05 4.037151e-05 8.293814e-05
1237652900752588927 1.2473931e-06 5.0473054e-06 6.9392925e-05 0.00029190502 0.00060835376 0.00090030814 0.0009924491 7.2899397e-06 2.89298e-06 5.673675e-06 5.704566e-06 1.1620521e-05 1.7312586e-05 3.3116157e-05
1237652900764647570 5.075133e-05 7.379668e-05 0.00014957105 0.00039584903 0.00054318854 0.00063883193 0.00056493835 2.4164044e-06 2.901177e-06 8.3590785e-06 7.632633e-06 1.0496378e-05 1.275054e-05 2.2040322e-05
1237652901826265155 2.7243925e-06 5.442336e-06 0.000105041996 0.00047920717 0.001020333 0.001429922 0.0018829623 6.6243587e-07 6.289912e-07 6.6301027e-06 9.1730435e-06 1.9227196e-05 2.692206e-05 0.00013840909
1237652901826330753 1.903422e-06 4.909357e-06 4.1471394e-05 0.00025098032 0.0005020054 0.00065499765 0.00083207124 5.5647115e-07 6.2715384e-07 3.1845643e-06 4.845528e-06 9.532482e-06 1.2505546e-05 2.4909023e-05
1237652901826265189 8.407761e-07 4.010797e-06 4.397477e-05 0.00026219687 0.0005463558 0.0006315427 0.0007885227 4.852473e-07 6.154345e-07 4.4812296e-06 5.2573487e-06 1.0592689e-05 1.2351832e-05 2.5952653e-05
1237652901826396261 9.213086e-07 2.0419398e-06 2.3068334e-05 0.00018167414 0.00039814843 0.00052471255 0.00060587685 4.735194e-07 4.756907e-07 2.5847603e-06 3.7233199e-06 7.784843e-06 1.0435075e-05 1.9558202e-05
1237652933492671268 0.00032314568 0.00041342407 0.0007509938 0.0018221061 0.002478165 0.0028478242 0.0023123252 1.5012636e-05 1.556988e-05 4.8494763e-05 3.505258e-05 4.759713e-05 5.6297606e-05 0.00063956867
1237652934029608016 9.1273134e-05 0.0001200725 0.00021782254 0.0005193083 0.00071233744 0.0009338289 0.00087289524 5.4908146e-06 4.7167555e-06 2.2576613e-05 1.1251884e-05 1.6764669e-05 2.5197924e-05 6.61237e-05
1237652935104529015 0.00019737864 0.00021028852 0.0002896568 0.00053252 0.000567472 0.00064112444 0.0007217896 8.345843e-06 8.063095e-06 1.4557802e-05 1.0028327e-05 1.0954319e-05 1.265634e-05 2.7952472e-05
1237652935107281599 9.335475e-05 0.00012663587 0.00015900847 0.00037742237 0.0006204561 0.00076226925 0.0006206434 3.7322754e-06 4.7597205e-06 1.7877948e-05 8.0528025e-06 1.3307559e-05 1.777073e-05 3.9907405e-05
1237652934567854086 1.7093273e-10 1.2508547e-05 0.0001616254 0.0007210711 0.00143538 0.0019664636 0.002463856 8.465476e-07 9.990251e-07 9.759967e-06 1.388401e-05 2.7226677e-05 3.7382088e-05 7.242861e-05
1237652935104660631 4.256967e-05 5.074519e-05 9.849825e-05 0.0002550049 0.00034367162 0.0004353054 0.00057830225 2.7340034e-06 2.2719507e-06 9.806334e-06 1.0057516e-05 7.663953e-06 1.7177277e-05 3.614942e-05
1237652935107412695 9.300679e-05 0.00011772549 0.00021180153 0.0004957053 0.00068272656 0.0008148662 0.00097604713 3.7181862e-06 4.416192e-06 1.7855522e-05 1.0331959e-05 1.4383266e-05 1.8972483e-05 5.5228356e-05
1237652936177943088 2.4930807e-06 1.141745e-05 9.8007906e-05 0.0003550106 0.0006293386 0.000816186 0.0009901398 3.9192287e-07 5.6879196e-07 7.1726986e-06 6.950059e-06 1.2155828e-05 1.587257e-05 3.289353e-05
1237652942622884485 0.00014864108 0.00019568807 0.00038385484 0.0007835937 0.0010863907 0.0012387879 0.0013749596 6.1857654e-06 7.505834e-06 2.1561797e-05 1.4855155e-05 2.0610114e-05 2.3893082e-05 4.6842924e-05
1237652944237822329 3.5530452e-06 1.1493177e-05 0.00019316407 0.0009239174 0.0017559818 0.0025101674 0.0032264816 5.8750027e-07 7.37458e-07 1.0815786e-05 1.755896e-05 3.297852e-05 4.7158093e-05 0.00010176792
1237652944237887684 2.2380739e-06 1.2499049e-05 0.00020540488 0.00078023796 0.0014024685 0.001833741 0.0021830702 6.874148e-07 9.274916e-07 1.3114633e-05 1.5172855e-05 2.6872187e-05 3.5205532e-05 6.641214e-05
1237652944238018866 5.028328e-06 1.1687891e-05 8.495667e-05 0.00026237802 0.00047917315 0.0006279971 0.0007427805 8.27193e-07 7.529229e-07 6.8731424e-06 5.3194026e-06 9.386033e-06 1.2560509e-05 2.5849351e-05
1237652944244441314 2.1863727e-06 8.841318e-06 0.00013806223 0.00056908675 0.0014729856 0.0015935736 0.002117848 6.4171377e-07 6.973587e-07 8.0402815e-06 1.0996593e-05 2.7759257e-05 3.0245745e-05 6.1267725e-05
1237652944237691781 2.2414994e-05 3.2001735e-05 9.489002e-05 0.0002485906 0.00040396902 0.0005087591 0.00060270925 1.3410097e-06 1.4350016e-06 1.0181325e-05 5.7884076e-06 9.165843e-06 1.2568927e-05 0.00044975584
1237652944237953387 2.8148431e-06 1.650756e-05 0.0003169529 0.0014685726 0.0030158379 0.004196849 0.0053967894 5.98165e-07 8.5902786e-07 1.6575965e-05 2.7748663e-05 5.637694e-05 7.854057e-05 0.00015225958
1237652944769516052 0.0 0.0 0.00010613659 0.0003176578 0.000477899 0.0006010284 0.0006430342 inf inf 1.7615992e-05 6.591861e-06 4.8472986e-05 1.2913032e-05 3.0772386e-05
1237652947456491734 2.5963293e-06 3.0630101e-06 0.00015411484 0.0007211883 0.0015008434 0.0021041445 0.0027799807 1.20602845e-05 4.363659e-06 1.0263378e-05 1.3937845e-05 2.8521637e-05 4.0214454e-05 8.2340965e-05
1237652947456360581 1.5934269e-06 1.0001731e-06 3.9974824e-05 0.00019890285 0.00040561846 0.00056696415 0.0007347532 7.910515e-06 2.6126245e-06 3.944526e-06 4.056991e-06 7.939599e-06 1.1259864e-05 2.4766648e-05
1237652948530036867 2.46875e-06 4.7671287e-07 9.0679925e-05 0.00047666894 0.0010403808 0.0014621333 0.0019534999 6.602997e-07 6.2250433e-07 1.3219347e-05 9.240979e-06 1.971696e-05 2.7802484e-05 5.7027486e-05
1237652948530102467 1.035881e-06 4.20195e-06 5.5319866e-05 0.0002768237 0.00066583237 0.0008010613 0.0010588644 4.5318905e-07 5.0831113e-07 3.856848e-06 5.4292746e-06 1.26961795e-05 1.540568e-05 3.136055e-05
1237652948530167939 3.6920608e-07 7.0217453e-07 2.1126083e-05 0.00016875108 0.0003877683 0.00046279104 0.0007692949 4.0521047e-07 3.7930053e-07 2.3055477e-06 3.4493792e-06 7.53762e-06 9.168773e-06 2.4195779e-05
1237652948530102531 1.1633158e-06 2.6041464e-06 4.0907307e-05 0.00019435541 0.00042338658 0.0005855955 0.00071844715 4.142966e-07 4.3822087e-07 3.3521355e-06 4.081493e-06 8.307926e-06 1.1663281e-05 2.5161393e-05
1237652948530167935 2.136759e-06 4.348197e-06 9.318338e-05 0.0004864977 0.0010536334 0.0015548876 0.0018357614 7.148436e-07 7.3094253e-07 8.278405e-06 9.650836e-06 2.0161173e-05 2.9994475e-05 5.636966e-05
1237652948530168078 8.3829383e-07 1.5485869e-06 2.2735274e-05 0.00018105087 0.00036094373 0.00068351533 0.0006324319 4.1184992e-07 4.0855628e-07 2.4112092e-06 3.6970514e-06 7.031693e-06 1.3405272e-05 2.0034673e-05
1237652948530168082 4.8012697e-07 2.2129639e-06 3.6896086e-05 0.00016686149 0.0004022619 0.0004819901 0.0006042616 4.3017388e-07 4.825699e-07 3.5137527e-06 3.5000166e-06 7.936272e-06 9.695406e-06 2.0068243e-05
1237652948530233524 1.1883124e-06 8.58321e-06 0.00018918043 0.0008299589 0.001687126 0.0022591723 0.0031020555 5.952025e-07 8.2989754e-07 9.52462e-06 1.5469504e-05 3.1318305e-05 4.199029e-05 8.714599e-05
1237653502043947199 8.594462e-05 9.75067e-05 0.00017315737 0.0003542253 0.00050695596 0.00057183614 0.0006635395 3.6526312e-06 3.7826626e-06 9.822424e-06 7.4884674e-06 9.694621e-06 1.1766531e-05 2.4992236e-05
1237653500432416990 5.4139815e-05 6.792672e-05 0.000107372565 0.0002763052 0.00037139296 0.0004291636 0.0004989911 2.5342495e-06 2.7254068e-06 2.7374848e-05 5.903754e-06 8.723652e-06 3.12203e-05 2.2777804e-05
1237653501506355390 0.0001867126 0.00021190905 0.00044650317 0.000919959 0.00124103 0.0014107153 0.0013626517 9.851102e-06 8.970544e-06 2.490944e-05 1.7776667e-05 2.4294468e-05 2.8862392e-05 5.7395282e-05
1237653501507207234 6.3236344e-05 9.1066904e-05 0.00019237128 0.00050665723 0.00079932134 0.001001913 0.001107182 2.8649197e-06 3.5967241e-06 9.666356e-06 9.477157e-06 1.5301277e-05 1.8863602e-05 3.344833e-05
1237653588484292909 1.5754911e-06 4.1218036e-06 4.6201945e-05 0.00019694911 0.00041298123 0.0005776925 0.0007403905 9.71857e-07 4.866036e-07 2.9828389e-06 3.819973e-06 7.812768e-06 1.0962401e-05 2.4336672e-05
1237653588484292923 1.865994e-06 3.8445814e-06 6.1136554e-05 0.00029946247 0.00070650724 0.0008123397 0.0010566479 9.27575e-07 4.5053133e-07 3.659207e-06 5.8101086e-06 1.338811e-05 1.5454849e-05 3.053194e-05
1237653589021032706 5.306834e-07 4.106238e-06 5.3944954e-05 0.00027196345 0.0005864794 0.00071316905 0.000830298 1.1525593e-06 5.0830397e-07 4.628064e-06 5.2058945e-06 1.1032567e-05 1.3481541e-05 2.4033838e-05
1237653589021163673 5.1392217e-05 7.248437e-05 0.00013254277 0.00033796713 0.00052353647 0.0005599085 0.0005964065 2.8559048e-06 2.872963e-06 6.862538e-06 6.3924595e-06 9.86258e-06 1.072498e-05 1.8275048e-05
1237653614796341345 -3.111458e-07 5.616046e-06 7.3596406e-05 0.00037814616 0.0008081359 0.0011673224 0.0015473657 1.3735093e-05 2.1698802e-06 4.41019e-06 7.2373277e-06 1.5278914e-05 2.215597e-05 4.4686174e-05
1237653616396992667 7.7519707e-07 4.5782094e-06 5.6264376e-05 0.0002546388 0.0005202959 0.00072530867 0.0007811404 1.3494733e-07 2.0642649e-07 4.0302034e-06 5.0529225e-06 9.996929e-06 1.5458707e-05 2.5566735e-05
1237653616397582441 1.0018137e-05 1.2929093e-05 8.7146196e-05 0.0002615054 0.00043902485 0.00055893045 0.0006797868 1.2092695e-05 4.886805e-06 5.8291807e-06 5.096077e-06 8.403777e-06 1.1395128e-05 2.2808488e-05
1237653617471389846 9.9444995e-05 0.000120061064 0.00019687251 0.0004760212 0.0006562245 0.0007325352 0.0007666114 3.8117157e-06 4.480608e-06 1.1651992e-05 9.275984e-06 1.3060371e-05 1.6143033e-05 3.9804523e-05
1237653617470603514 1.8238915e-06 6.8639392e-06 8.954616e-05 0.0004088963 0.000951962 0.0012609216 0.001617246 2.0691807e-07 2.9663371e-07 6.05262e-06 7.91804e-06 1.80443e-05 2.4144323e-05 5.016191e-05
1237653617471455416 0.00012433135 0.0001465616 0.00018637517 0.00042227318 0.0005697195 0.0006187284 0.0006925559 4.7213944e-06 5.4530046e-06 9.528332e-06 8.008415e-06 1.2056359e-05 1.20985e-05 2.3687146e-05
1237653651306447122 2.0095076e-05 3.9745173e-05 8.4112864e-05 0.00023461576 0.0003361201 0.0003747559 0.00030073343 9.782924e-06 5.836917e-06 5.154017e-06 4.650311e-06 6.7264646e-06 1.3486239e-05 1.1528314e-05
1237653651306381611 0.00012268183 0.00016976966 0.0003667254 0.0009252341 0.0014398519 0.0017924247 0.0016670731 8.140751e-06 7.950496e-06 2.2011232e-05 1.831569e-05 2.92133e-05 3.4857232e-05 6.564091e-05
1237653651843645634 9.3863235e-07 4.115985e-06 7.3943396e-05 0.00035103288 0.00075638085 0.0010652882 0.0013977689 5.6114584e-07 3.846904e-07 4.678005e-06 6.8016134e-06 1.4353573e-05 2.021179e-05 4.0786847e-05
1237653651843645677 -3.5339684e-07 3.8218086e-06 8.908553e-05 0.0003557765 0.00072572276 0.0009887642 0.0012350985 1.6105265e-05 6.148949e-06 6.1489377e-06 7.1112295e-06 1.4027489e-05 1.9164398e-05 3.8398484e-05
1237653651843448852 0.0004894596 0.00073012593 0.001742921 0.003969994 0.0064470884 0.00862252 0.01103388 1.9002351e-05 2.7095075e-05 8.292297e-05 7.338242e-05 0.000119087905 0.00016106613 0.00030719317
1237653652911226908 5.033117e-07 1.2427967e-05 0.0002815762 0.0014120033 0.0029901944 0.005217443 0.0060181227 9.3050886e-07 8.4271346e-07 1.3553542e-05 2.6209265e-05 5.589727e-05 9.646057e-05 0.00016732146
1237653652374159578 1.4211223e-05 2.3691762e-05 7.2373e-05 0.00021321564 0.00032701233 0.00043299654 0.00047804977 1.6816084e-06 1.1663157e-06 4.0583895e-06 4.0805307e-06 6.232539e-06 8.323959e-06 1.5936976e-05
1237653653447966919 0.0002862923 0.00039168535 0.0010283937 0.0029361732 0.004971261 0.0063708946 0.0076114526 1.2380425e-05 1.4706005e-05 4.8138892e-05 5.4234657e-05 9.17573e-05 0.00011762785 0.00021754074
1237653653448097945 0.00016307028 0.00015163784 0.00027986357 0.00058045075 0.000745075 0.0008613335 0.0009275198 1.9756664e-05 1.0767229e-05 1.439196e-05 1.0973234e-05 1.41762985e-05 1.6865919e-05 3.155704e-05
1237653652922630269 2.3027358e-06 1.3759585e-05 0.00014928871 0.0005460979 0.00097141706 0.0013001243 0.0016344752 6.57262e-07 9.063898e-07 9.325393e-06 1.0610018e-05 1.8493907e-05 2.4877403e-05 4.900792e-05
1237653664184795284 0.00010299637 0.00014065608 0.00030418034 0.000737474 0.0011333661 0.0013527091 0.0015361652 3.974139e-06 5.252075e-06 1.636217e-05 1.4290325e-05 2.1873935e-05 2.648521e-05 5.6808403e-05
1237653653447835932 4.299423e-05 5.962005e-05 9.349284e-05 0.00024108199 0.0003419917 0.00036596798 0.0003719345 3.0523256e-06 2.5317959e-06 5.8218766e-06 4.806123e-06 6.7681917e-06 7.456086e-06 1.4545025e-05
1237653653447966833 6.9759417e-06 1.0172119e-05 6.2207735e-05 0.00025425083 0.00051935745 0.000766464 0.0009347961 1.2788771e-06 7.1770637e-07 3.9587826e-06 4.893443e-06 9.773331e-06 1.4453325e-05 2.7101161e-05
1237653665795146019 6.52602e-05 8.499391e-05 0.0001693743 0.0004428255 0.0006725658 0.000810248 0.00080246775 3.2619962e-06 3.3959182e-06 2.6483012e-05 9.07025e-06 1.3475892e-05 1.7114153e-05 9.521485e-05
1237654029252624601 0.0 1.7947263e-05 9.803617e-05 0.00025322073 0.0003782186 0.00045904613 0.00055567786 inf 1.1995323e-06 0.015756097 0.0033259732 0.0002726199 0.0002973948 0.016478747
1237654391642980600 5.4008656e-06 4.1345666e-06 7.5192096e-05 0.0004137284 0.00091430196 0.0013032589 0.0017274113 1.3988487e-06 4.5773487e-07 4.327546e-06 7.913904e-06 1.7212193e-05 2.4538804e-05 4.9077986e-05
1237654391643046209 3.6178371e-06 2.034727e-05 0.00027356698 0.001085457 0.0022761598 0.0030506826 0.0038047319 1.8228111e-06 1.2219215e-06 1.4012233e-05 2.0465253e-05 4.2497548e-05 5.708328e-05 0.00010778131
1237654391106371851 2.8041075e-07 3.496608e-06 5.980838e-05 0.00027906048 0.00057399966 0.000777614 0.0011031681 1.0067387e-06 4.889624e-07 4.3720233e-06 5.4918446e-06 1.1007349e-05 1.496406e-05 3.431418e-05
1237654600489566419 5.0577048e-05 6.2491556e-05 0.00010843758 0.00024413863 0.00030567567 0.00032760485 0.00036346327 2.0424852e-06 2.3667938e-06 6.119185e-06 5.0478084e-06 6.111521e-06 6.597295e-06 5.902024e-05
1237654599955447925 5.2592994e-05 5.6721223e-05 0.000102661324 0.00023589203 0.0003299875 0.00039498069 0.00045566913 1.3895434e-05 2.4312315e-06 5.8946084e-06 4.7914345e-06 6.5600257e-06 7.940938e-06 1.6169013e-05
1237654600489763007 5.6606685e-05 7.082549e-05 0.00012212948 0.00030960902 0.0004466257 0.00053327635 0.00055370084 2.2917282e-06 2.6927542e-06 8.66973e-06 6.1808128e-06 8.929966e-06 1.1146443e-05 2.1211277e-05
1237654599958462551 1.5034013e-06 4.633876e-06 8.750921e-05 0.0004567 0.0009642419 0.0013347726 0.0017190794 1.0701744e-05 4.5923352e-07 4.902453e-06 8.720641e-06 1.8098153e-05 2.49975e-05 4.8776314e-05
1237654600495267938 5.1680996e-05 6.6765184e-05 0.00010386036 0.00022662249 0.00030068713 0.0003287611 0.00035821676 1.4045981e-05 2.7135634e-06 6.2419945e-06 4.6217674e-06 6.0905872e-06 6.6722027e-06 1.4464114e-05
1237654600493564050 1.5280712e-06 3.996619e-06 6.097834e-05 0.00030561688 0.0006691596 0.00090984546 0.0012508314 6.0811516e-07 4.5501162e-07 4.1559474e-06 6.023639e-06 1.2739711e-05 1.7184284e-05 3.6578374e-05
1237654601026437342 0.000114581264 0.00013731114 0.0002575028 0.00052077696 0.00072550314 0.0008228905 0.0009076664 5.0383564e-06 5.3708495e-06 1.3524488e-05 1.0054015e-05 1.3971748e-05 1.6297472e-05 3.107645e-05
1237654602105553145 2.158445e-05 3.829871e-05 0.00010391128 0.00026130295 0.00037461545 0.00044711467 0.000487252 9.0625747e-07 1.4400674e-06 6.034728e-06 5.0672943e-06 7.2406533e-06 8.840329e-06 1.7699476e-05
1237654604247793892 8.5659995e-05 0.000100981815 0.00012987232 0.00028646635 0.0003422207 0.00037252033 0.00042733896 3.304011e-06 3.7771688e-06 9.946355e-06 5.8651317e-06 7.046412e-06 8.380323e-06 1.7115655e-05
1237654604247728623 3.5389898e-05 4.9260052e-05 9.677445e-05 0.00024153272 0.00035635981 0.00043342105 0.00044623806 1.4426117e-06 1.8763072e-06 8.796085e-06 5.3688777e-06 1.2532537e-05 1.0123792e-05 6.576657e-05
1237654604247203942 5.5145345e-05 7.0848226e-05 0.00013015821 0.0002736003 0.0003539665 0.00041610218 0.00045358847 2.1967867e-06 2.6689215e-06 6.7495366e-06 5.365273e-06 6.881932e-06 8.243091e-06 1.6147735e-05
1237654604247138550 6.0006154e-05 8.0838116e-05 0.00027346652 0.0006504448 0.0009720748 0.0012494934 0.0014213832 2.4820642e-06 3.0885165e-06 3.8668575e-05 1.3289747e-05 1.9059811e-05 2.5479701e-05 0.00012119324
1237654604788400315 4.1565963e-07 2.8453137e-06 5.1570136e-05 0.00026347284 0.0005704162 0.0008121624 0.0010445404 3.579424e-07 3.9748338e-07 3.4022187e-06 5.200603e-06 1.0904734e-05 1.5412454e-05 3.0400297e-05
1237654605863518604 3.0080588e-05 4.110335e-05 8.598644e-05 0.00021628966 0.0003322731 0.00040819228 0.00045072584 1.2221994e-06 1.5438648e-06 5.441737e-06 4.2736e-06 6.522464e-06 8.205083e-06 1.804553e-05
1237654605863453060 2.0002e-06 1.3232251e-05 0.00016815733 0.0007702899 0.0013733404 0.0018109999 0.0024281135 2.5021578e-07 5.4257004e-07 9.85867e-06 1.4698826e-05 2.8709383e-05 3.420928e-05 7.1601135e-05
1237654605867843798 8.995755e-05 0.00012306958 0.00015356822 0.00032407788 0.00038624502 0.00040910768 0.00039143427 3.9789534e-06 4.717115e-06 8.202569e-06 6.2516383e-06 7.5640887e-06 8.299128e-06 1.643238e-05
1237654606398685300 6.028249e-05 6.431393e-05 0.00011572998 0.00025029943 0.0003129656 0.00034517885 0.00036273038 3.5946507e-06 2.6504013e-06 6.183546e-06 4.889479e-06 6.1172464e-06 6.964418e-06 1.2660163e-05
1237654606935949445 1.5764239e-05 2.200071e-05 7.019413e-05 0.00024480646 0.0004122694 0.00037069694 0.00039775306 1.6743254e-06 1.1519659e-06 4.315067e-06 4.842255e-06 8.279207e-06 7.25694e-06 1.3506574e-05
1237654652029042831 3.9048723e-07 1.7202962e-06 7.132664e-05 0.00032821466 0.00068102725 0.0009791321 0.0012239239 2.276279e-07 3.0159697e-07 4.759376e-06 6.3850734e-06 1.2985174e-05 1.868497e-05 3.5599543e-05
1237654653639786692 1.1436703e-06 5.649757e-06 0.00011493837 0.0005688438 0.0012827653 0.0016370558 0.0021166871 2.613047e-07 3.9329552e-07 6.325919e-06 1.0842618e-05 2.4114313e-05 3.0905554e-05 6.038843e-05
1237654652032974961 -5.4670537e-13 1.1552126e-09 0.00010031097 0.00039562857 0.0008170641 0.0011206977 0.001362908 9.452782e-07 7.693714e-07 6.6615494e-06 7.776508e-06 1.5567624e-05 2.1213345e-05 4.2861004e-05
1237654670277410986 0.0 0.0 0.00019702868 0.00047135368 0.00061220885 0.00084400113 0.00079181505 inf inf 1.1901401e-05 9.2044775e-06 1.2073487e-05 1.7956165e-05 3.817725e-05
1237654670809694392 1.1698637e-06 5.606265e-06 5.402828e-05 0.00031785146 0.0007042545 0.0007727329 0.0009576687 2.0862925e-07 3.3699376e-07 3.6266408e-06 6.2659947e-06 1.337598e-05 1.48219715e-05 2.8409622e-05
1237654670814609495 0.0001294534 0.00015888267 0.00022388544 0.00051873317 0.0006661954 0.0007700217 0.00081432215 5.7591856e-06 6.1268306e-06 1.13616925e-05 9.7662005e-06 2.2385393e-05 1.5669455e-05 2.673567e-05
1237654668664438917 4.7838857e-05 5.7921163e-05 0.00017555225 0.0005265745 0.0008753411 0.0011289393 0.0012457458 1.0632522e-05 2.5260922e-06 9.409083e-06 9.952759e-06 1.6427444e-05 2.1255777e-05 3.7622853e-05
1237654879130157240 7.836108e-15 6.4988644e-06 0.00011955393 0.00054542196 0.0011200432 0.0015563784 0.0019543227 6.1024673e-07 7.5139536e-07 6.1942155e-06 1.0202572e-05 2.1077683e-05 2.8956216e-05 5.4936532e-05
1237654879661326455 8.559509e-05 0.00011489831 0.00017372919 0.00039188084 0.0005083751 0.0006189265 0.00066234 3.2970677e-06 4.292036e-06 1.1375918e-05 7.7218265e-06 1.0192621e-05 1.2860365e-05 2.4620076e-05
1237654880728449204 3.904583e-06 8.18276e-06 0.000119758995 0.0005835341 0.0010798969 0.0015339709 0.001735141 1.0032136e-05 4.5483566e-06 7.3346305e-06 1.1153227e-05 2.039823e-05 2.8971175e-05 5.186614e-05
1237654880735002669 3.288979e-05 4.2897875e-05 0.00010059544 0.00022210173 0.0003200622 0.00040641785 0.00042851738 1.3413842e-06 1.6338929e-06 9.317273e-06 4.9083974e-06 7.2036682e-06 9.56048e-06 3.272812e-05
1237654880728514794 1.149465e-05 3.3109158e-05 7.8881145e-05 0.00020690043 0.00033690955 0.00043141702 0.00050345267 1.144105e-05 6.35641e-06 6.283331e-06 4.5733136e-06 6.8977647e-06 9.111225e-06 2.2033237e-05
1237654881271808213 0.00018169114 0.00023737036 0.0003892924 0.00079928146 0.0010443915 0.0012734705 0.0012745683 6.8481895e-06 8.802772e-06 1.9816243e-05 1.5245471e-05 2.0888207e-05 2.4632878e-05 4.084051e-05
1237654949451071827 5.6300352e-05 7.371492e-05 0.00015680619 0.0003742221 0.0005509266 0.0006477407 0.0008186218 2.3933148e-06 2.7681635e-06 1.1384483e-05 7.547928e-06 1.117722e-05 1.36592635e-05 4.0202263e-05
1237654950524879054 0.000113507485 0.00014658604 0.00029806996 0.0006240714 0.0009130185 0.0010641896 0.001157762 4.5611873e-06 5.451976e-06 3.0090083e-05 1.261097e-05 1.8440403e-05 2.2934993e-05 4.9011825e-05
1237654950524092607 4.9968283e-05 6.389619e-05 0.00011480867 0.0002587966 0.00033977133 0.00040625536 0.00040331986 2.1294866e-06 2.3909126e-06 7.714468e-06 5.3318195e-06 7.015259e-06 8.987906e-06 1.887765e-05
1237654949986763066 1.8077813e-05 2.7057462e-05 8.7101886e-05 0.00023072293 0.00033886352 0.0004061965 0.0004293143 8.114012e-07 1.0322835e-06 5.4063903e-06 5.0860763e-06 6.7381775e-06 8.409354e-06 1.6449096e-05
1237654950524420436 3.5674286e-05 4.6466354e-05 0.000106919426 0.00025289133 0.0003653868 0.00043775054 0.0004656768 1.489596e-06 1.7362008e-06 9.285421e-06 5.550807e-06 8.092659e-06 1.08662625e-05 2.6621936e-05
1237655106762047616 6.607972e-07 3.5679834e-06 6.0689563e-05 0.00023995314 0.0005107346 0.00064304186 0.00086644955 9.530501e-08 1.5422619e-07 4.110361e-06 4.8430784e-06 1.2900114e-05 6.697852e-05 2.642465e-05
1237655107829498001 1.4199285e-05 2.464329e-05 8.6751534e-05 0.00023715285 0.00035390747 0.00042338294 0.00048490163 7.932028e-07 9.932163e-07 5.514767e-06 7.1381005e-06 7.1622812e-06 9.447421e-06 1.871009e-05
1237655107836510314 0.000108821194 0.00014838587 0.00023031759 0.0005590131 0.00073388254 0.0008151811 0.0008517041 4.0791647e-06 5.4811626e-06 1.1801701e-05 1.0643548e-05 1.4063537e-05 1.5933918e-05 2.926832e-05
1237655107826155637 0.00014273143 0.00016375248 0.00029971148 0.00056861463 0.00074855506 0.0008253818 0.00090167444 5.58608e-06 6.1335213e-06 1.502705e-05 1.0909301e-05 1.4451157e-05 1.7566761e-05 3.3061897e-05
1237655108362764418 4.3446435e-05 5.9550955e-05 0.00012442714 0.00022913374 0.00031006345 0.00033953006 0.00037100978 2.0156842e-06 2.3497885e-06 6.8131017e-06 4.5597967e-06 1.1972751e-05 7.0200786e-06 1.5284571e-05
1237655108899242065 2.7935037e-06 9.874977e-06 0.00016298388 0.000804539 0.0019514451 0.0025957641 0.003055949 3.3813293e-07 4.9539796e-07 1.7524879e-05 1.4991958e-05 3.6194604e-05 4.816956e-05 8.529332e-05
1237655108372463760 6.8768946e-07 3.7420748e-06 7.56142e-05 0.00032020913 0.0006499603 0.0010582522 0.0011271938 1.945349e-07 1.9426231e-07 5.362091e-06 8.854819e-06 1.2443537e-05 2.0568372e-05 3.5426747e-05
1237655108373643400 0.00021348796 0.0002620615 0.0004796196 0.001087406 0.001414771 0.0020653596 0.002046116 8.733886e-06 9.918313e-06 2.9230492e-05 2.1794836e-05 2.8572582e-05 4.9304446e-05 0.000101505866
1237655108909007174 4.360772e-05 5.5592463e-05 9.363721e-05 0.00022061208 0.0003320281 0.00037331512 0.00041920866 1.6739863e-06 2.0623945e-06 1.012488e-05 4.7221283e-06 7.118834e-06 8.646742e-06 1.9586041e-05
1237655108910645483 5.0327548e-05 6.195708e-05 0.00012141324 0.0002949921 0.00043435275 0.00055006484 0.0006031294 1.982399e-06 2.3019102e-06 7.2963267e-06 5.9166964e-06 8.67287e-06 1.13169535e-05 4.8289312e-05
1237655109446205577 5.419972e-07 6.4507117e-06 8.314723e-05 0.00039593436 0.0007651074 0.0010093509 0.0012264366 1.8975699e-07 3.0320854e-07 7.25566e-06 7.82833e-06 1.47864885e-05 1.951333e-05 3.975726e-05
1237655109446533439 6.3708874e-05 8.252571e-05 0.00018088387 0.00042086464 0.0006301334 0.00076272385 0.0007568483 2.4819608e-06 3.0584347e-06 1.24898e-05 8.660032e-06 1.29557975e-05 1.6054595e-05 0.00010176706
1237655108910579844 1.9064594e-06 6.022741e-06 6.287081e-05 0.00023679849 0.0004146517 0.0005160429 0.0006391395 2.0673637e-07 2.6100656e-07 4.932967e-06 5.5218743e-06 8.563039e-06 1.04113715e-05 2.1137927e-05
1237655109445484691 2.1278502e-06 4.2219085e-06 4.5529345e-05 0.00020541584 0.00043413226 0.0005649642 0.0011324931 8.543679e-06 2.4174224e-06 3.0822198e-06 4.009166e-06 8.297812e-06 1.0778336e-05 3.355911e-05
1237655109445746950 7.95782e-05 0.000103101775 0.00019757963 0.00060982886 0.00089756167 0.0011432716 0.0012881112 3.0964695e-06 3.836675e-06 1.3135963e-05 1.2139601e-05 1.7616912e-05 2.3141585e-05 4.5769826e-05
1237655125004124266 0.000111315596 0.00015123482 0.0002528732 0.0005561161 0.0007876812 0.0009077637 0.0009907421 5.4060633e-06 5.865703e-06 1.4160761e-05 1.0784205e-05 1.5359601e-05 1.8340601e-05 3.860398e-05
1237655125020836043 5.194505e-09 1.0504859e-05 0.00016340608 0.00075839245 0.0016274105 0.002260962 0.002853451 8.263301e-07 1.0162303e-06 1.0977274e-05 1.4616853e-05 3.0839903e-05 5.0511557e-05 8.486393e-05
1237655125004058830 4.772773e-05 6.840363e-05 0.0001223003 0.00026238855 0.00035954118 0.0004290248 0.0004306072 2.9165194e-06 2.837273e-06 8.798343e-06 5.6161207e-06 8.033045e-06 1.0418367e-05 2.7688344e-05
1237655125020639374 3.779847e-05 5.3163585e-05 9.84655e-05 0.00023160724 0.00032210292 0.0003632415 0.00039381156 1.5142115e-06 2.013573e-06 5.434411e-06 4.4530702e-06 6.2125255e-06 7.253946e-06 1.4865743e-05
1237655125551022166 4.3972825e-05 7.154376e-05 0.00026701056 0.00060536724 0.00096886203 0.0012973361 0.0020908057 1.4790073e-05 8.5697175e-06 1.4393074e-05 1.1549025e-05 1.843385e-05 2.4869192e-05 6.618627e-05
1237655125550891123 6.1626196e-07 3.736755e-06 6.860002e-05 0.00029392383 0.00055410777 0.00089515693 0.0009921346 5.4389415e-07 5.6874455e-07 4.6995333e-06 5.718958e-06 1.0610775e-05 1.7109203e-05 3.0828607e-05
1237655126622077103 4.8264927e-05 6.532603e-05 0.00012265916 0.00033440004 0.00051778165 0.0006562839 0.00071965554 3.1732698e-06 2.7909748e-06 9.256668e-06 6.8559884e-06 1.0574711e-05 1.4266248e-05 3.1204243e-05
1237655126088024409 3.0398256e-05 3.710649e-05 7.224125e-05 0.00021253394 0.00031891966 0.00040124336 0.00045442025 2.1785621e-05 7.3314714e-06 7.2790604e-06 4.8830325e-06 7.3052843e-06 1.0648462e-05 2.7570151e-05
1237655126630662338 6.620548e-07 4.594644e-06 7.679634e-05 0.00034802494 0.00073561544 0.0010006062 0.0012827493 1.4064133e-07 2.49891e-07 4.7834133e-06 6.701531e-06 1.3965741e-05 1.896781e-05 3.7672417e-05
1237655128767267166 2.6355422e-06 9.030605e-06 0.00011709438 0.000544455 0.001093822 0.0014963016 0.0019229354 2.9142709e-07 3.792129e-07 6.005566e-06 1.0202255e-05 2.0360045e-05 2.7853437e-05 5.4195552e-05
1237655129840288236 0.00014023809 0.00015820604 0.0001575104 0.000516416 0.0006714477 0.0007676761 0.0007966563 5.4128477e-06 5.864321e-06 1.2490242e-05 1.8734292e-05 1.3848583e-05 1.6488937e-05 4.8795773e-05
1237655129840812329 4.664915e-05 6.538273e-05 0.00011361801 0.00030055485 0.00043913568 0.00053102255 0.00061918364 1.9868617e-06 2.4442688e-06 6.0786997e-06 5.694142e-06 8.303339e-06 1.0177614e-05 2.1523263e-05
1237655348895416654 5.41831e-07 3.4781272e-06 5.1853873e-05 0.00019516601 0.00037351777 0.0005121358 0.00062001427 1.1387783e-07 1.8982432e-07 4.100956e-06 5.1053357e-06 7.265672e-06 1.0090824e-05 2.3282819e-05
1237655348895416661 1.5701994e-06 6.5245304e-06 9.174375e-05 0.00038635483 0.0008186659 0.0011286982 0.00136436 1.5183342e-07 2.95422e-07 5.8052697e-06 7.3838905e-06 1.8237532e-05 2.1369997e-05 4.2269083e-05
1237655348895416675 6.903001e-07 4.6481514e-06 7.60827e-05 0.00027520553 0.0005318996 0.0007248512 0.00086376816 1.366565e-07 2.45503e-07 6.2646213e-06 5.4526527e-06 1.0328465e-05 1.44042415e-05 3.3274824e-05
1237655348895416706 1.0099318e-06 8.046496e-06 0.000120906436 0.0005489686 0.0010410069 0.0013229214 0.0016130445 1.662958e-07 3.756539e-07 7.3171586e-06 1.0527934e-05 1.971079e-05 2.5222349e-05 4.9207538e-05
1237655368746139718 1.0561072e-06 6.6689354e-06 0.00010363424 0.0004527099 0.00089135533 0.0012587601 0.0015750617 1.5615362e-07 2.8159243e-07 5.5295754e-06 8.599134e-06 1.6610666e-05 2.3650071e-05 4.5041706e-05
1237655368745943244 0.00012690734 0.00016345829 0.00029269824 0.00074337085 0.0010443319 0.0012327926 0.001368822 4.8280713e-06 6.051753e-06 1.6282376e-05 1.4492995e-05 2.0345158e-05 3.106518e-05 5.1724262e-05
1237655369282420745 3.971223e-05 4.878884e-05 0.00013174565 0.00037164014 0.0005886137 0.00076722045 0.0008340752 1.6322831e-06 1.8358919e-06 9.556006e-06 7.6000783e-06 1.1893155e-05 5.8050515e-05 3.7919213e-05
1237655373573128514 7.2832927e-07 8.501484e-06 0.00011299712 0.0004571942 0.00087839435 0.0011712435 0.0013795901 2.2806927e-07 3.6986896e-07 6.901816e-06 8.830838e-06 1.6629894e-05 2.2126078e-05 4.2788844e-05
1237655373572866363 -6.3736636e-08 3.7531756e-06 5.3206048e-05 0.00021463983 0.00042408615 0.0005711081 0.00072825106 9.792786e-06 1.7122362e-06 3.7607685e-06 4.247314e-06 8.136693e-06 1.0913624e-05 2.307578e-05
1237655373573062928 4.6632613e-07 4.09667e-06 7.645962e-05 0.00030160294 0.00058868865 0.0007919396 0.0009989635 2.1968636e-07 2.364773e-07 5.614145e-06 6.074609e-06 1.1422003e-05 1.530317e-05 3.269133e-05
1237655373573062949 1.7149168e-06 1.181642e-05 0.00019255112 0.00088395627 0.001749056 0.002406009 0.0029898838 4.0202445e-07 5.305969e-07 2.7433121e-05 1.9634961e-05 3.3137778e-05 4.535101e-05 8.966847e-05
1237655373573063018 9.3605917e-07 7.650866e-06 0.00012154701 0.00049033284 0.0009497781 0.0013065852 0.0015715619 2.250099e-07 3.3129714e-07 7.665373e-06 9.348227e-06 1.7883469e-05 2.4755187e-05 4.6192337e-05
1237655373573063066 -1.5337974e-10 1.1281415e-05 0.00014324623 0.0005880957 0.001152799 0.0015291572 0.0017381625 2.7142764e-07 4.841915e-07 1.40484035e-05 1.13064725e-05 2.1758235e-05 2.878724e-05 5.200113e-05
1237655373573194098 4.2100436e-07 3.2391192e-06 5.797844e-05 0.00024208594 0.00045205944 0.00063004106 0.0007254623 2.4190797e-07 2.0144692e-07 5.7637417e-06 4.9183614e-06 1.6992646e-05 1.2670902e-05 4.221813e-05
1237655374109868376 4.440822e-06 1.15245075e-05 9.463393e-05 0.00033873122 0.0005982661 0.0008159996 0.0009977844 3.102486e-07 4.5380412e-07 6.0460743e-06 6.5873437e-06 1.1463658e-05 1.5841682e-05 3.2232678e-05
1237655374110064962 1.2718734e-06 4.5778747e-06 5.9388953e-05 0.00022498581 0.00042475472 0.0005875768 0.0007395018 2.038643e-07 2.1697038e-07 3.6871231e-06 4.392114e-06 8.134787e-06 1.1325559e-05 2.3042387e-05
1237655374110392620 4.4008815e-05 6.10988e-05 0.0001270727 0.00031664927 0.00046153227 0.0005506076 0.00062007445 1.7754197e-06 2.2750207e-06 8.349502e-06 6.4450264e-06 9.437226e-06 1.5750766e-05 3.068183e-05
1237655374110458262 2.7273911e-06 1.5653979e-05 0.00027212146 0.00096215005 0.0019422853 0.0028248378 0.0033167154 3.227303e-07 6.185548e-07 1.4160137e-05 1.8045615e-05 3.6155263e-05 5.336082e-05 9.468843e-05
1237655374109802691 4.5643753e-07 3.5754051e-06 4.6378085e-05 0.0001649337 0.0003062644 0.0003916826 0.00048084123 1.13856316e-07 1.6033432e-07 3.220261e-06 3.3014057e-06 5.99514e-06 7.823153e-06 1.6877997e-05
1237655472357310572 3.008057e-06 7.891993e-06 0.00010029402 0.00030008468 0.00055603636 0.00072281226 0.00085556286 2.6710934e-06 9.855839e-07 6.0206753e-06 5.7835587e-06 1.0568876e-05 1.3785265e-05 2.8432787e-05
1237655472357638448 -3.6156875e-06 9.282889e-06 4.2409403e-05 0.0002453747 0.000441946 0.0005790673 0.0007297651 2.0646328e-05 3.488208e-06 6.733719e-06 4.9877067e-06 8.847434e-06 1.1723231e-05 2.6323076e-05
1237655472357638470 7.439386e-06 1.5275886e-05 0.000120061515 0.0003520275 0.00066579593 0.0009111586 0.0009600557 8.0940566e-07 6.559e-07 8.50824e-06 6.949866e-06 1.2854034e-05 1.7969956e-05 3.1477357e-05
1237655472357703966 5.7782125e-07 5.5990085e-06 7.6286065e-05 0.00028992404 0.0005103617 0.00066819665 0.00082096946 1.7949887e-07 2.5186765e-07 4.7963717e-06 5.607499e-06 9.728668e-06 1.2789607e-05 2.520965e-05
1237655472894181793 2.0660723e-06 1.2009816e-05 0.00019833696 0.0009560408 0.0021237992 0.0033788383 0.003529921 2.4184124e-07 4.9251224e-07 9.812998e-06 1.7924469e-05 3.9559844e-05 6.287029e-05 9.912977e-05
1237655472894181503 1.2845679e-06 1.0482014e-05 0.0001489623 0.00060001377 0.001167376 0.0015862791 0.0019184955 2.4860742e-07 4.433636e-07 8.1700855e-06 1.1388767e-05 2.1915273e-05 2.9799949e-05 5.540814e-05
1237655473430135063 6.7081686e-07 5.5158876e-06 6.975376e-05 0.0003152367 0.0005633713 0.00072884146 0.00091014354 1.0276656e-07 2.5366745e-07 4.019281e-06 6.042619e-06 1.0691226e-05 1.3862008e-05 2.7324313e-05
1237655472894181380 8.168738e-07 3.5048784e-06 4.56346e-05 0.00019931333 0.00039453153 0.0005343858 0.0006574646 1.6315762e-07 1.8128947e-07 3.2000835e-06 3.911082e-06 7.5535195e-06 1.02581525e-05 1.9989491e-05
1237655473430921482 1.6118667e-05 3.624282e-05 0.0002198142 0.00086360704 0.0015613198 0.002055782 0.0024823244 1.0022383e-06 1.4105817e-06 1.7502955e-05 1.713637e-05 3.5428995e-05 0.00011323416 8.7545e-05
1237655472894115915 7.4812476e-07 7.0927485e-06 0.00010898881 0.0004932184 0.0009846373 0.0013159029 0.0016129557 1.901654e-07 3.214787e-07 6.150539e-06 9.368071e-06 1.8491128e-05 2.4739262e-05 4.655516e-05
1237655472894181774 7.0031354e-07 4.071048e-06 4.9747752e-05 0.00017387109 0.00032665525 0.00043343392 0.00050208275 2.031504e-07 2.1550584e-07 4.636375e-06 3.639963e-06 6.5543695e-06 9.119286e-06 1.885573e-05
1237655473967268109 0.0 0.0 0.00014606079 0.00065703224 0.0013204776 0.0018166219 0.0022683565 inf inf 8.24227e-06 1.2512897e-05 2.4803543e-05 3.4205998e-05 6.5132146e-05
1237655473966874918 -1.84145e-06 4.858642e-06 9.782342e-05 0.0004030442 0.0006307674 0.0009215309 0.0009940264 5.0071562e-06 1.9857403e-06 5.609765e-06 7.627933e-06 1.1826044e-05 1.7303637e-05 2.8850081e-05
1237655472894116203 4.9822705e-07 4.7720896e-06 5.3632622e-05 0.00020177013 0.0003680809 0.00048951065 0.00056399876 1.8039783e-07 2.413752e-07 4.3027835e-06 4.1164662e-06 7.279432e-06 9.777404e-06 1.9540985e-05
1237655497594896645 2.7104222e-06 1.2163082e-05 0.00016517617 0.00072993716 0.0015110108 0.0021135823 0.0027199306 9.74232e-07 9.1307516e-07 1.1181145e-05 1.4122686e-05 2.8564618e-05 4.0304953e-05 7.870718e-05
1237655501889929291 6.855609e-05 8.369742e-05 0.000148742 0.00036681272 0.00045271506 0.0005320489 0.00057913206 4.533849e-06 3.3818856e-06 1.3380052e-05 1.0820135e-05 9.081798e-06 1.0915307e-05 2.3020573e-05
1237655504032432409 2.8099098e-06 1.0622414e-05 0.00018115861 0.00087494776 0.001854272 0.0026760313 0.0033066536 2.608762e-07 4.3439053e-07 9.665382e-06 1.8335935e-05 3.4773326e-05 5.0209746e-05 9.399092e-05
1237655504032497795 1.3860404e-07 4.7882013e-06 6.7288e-05 0.00031330748 0.0006254428 0.00079316256 0.0009801997 1.3693693e-07 2.2109981e-07 3.9479464e-06 5.96223e-06 1.17495665e-05 1.5022608e-05 2.8589991e-05
1237655504569368893 2.126205e-05 2.7366781e-05 8.542466e-05 0.0002631056 0.0004436779 0.00056106417 0.0006939351 9.013618e-07 1.0409976e-06 7.0631936e-06 5.2762052e-06 8.862143e-06 1.2354626e-05 2.6480191e-05
1237655504569762213 1.1408029e-06 5.423599e-06 6.686147e-05 0.00025277273 0.00047321737 0.00063645217 0.0007936184 3.7382833e-07 4.5576098e-07 4.3287178e-06 4.9991454e-06 9.035788e-06 1.22818765e-05 2.4093712e-05
