 Tau[Gyrs]  u g r i z ###u-g###u-r###g-r### Luminosities{u,g,r,i,z} [Lsun]  
  50.12    9.7862    8.8524    8.5275    8.3671  8.1908   0.93385   1.2587   0.32486   0.00020089   0.0018913   0.0019118   0.0012182  0.00020088   
  47.4    9.6806    8.746    8.4203    8.2595  8.083   0.93465   1.2603   0.32564   0.00022141   0.0020861   0.0021102   0.001345  0.00022185   
  44.82    9.5759    8.6404    8.3139    8.1527  7.9759   0.93549   1.262   0.32648   0.00024384   0.0022992   0.0023275   0.001484  0.00024484   
  42.39    9.4721    8.5357    8.2083    8.0467  7.8697   0.9364   1.2638   0.32735   0.0002683   0.0025319   0.0025652   0.0016362  0.00027002   
  40.09    9.3693    8.4319    8.1036    7.9416  7.7642   0.93734   1.2656   0.32831   0.00029495   0.0027858   0.0028249   0.0018025  0.00029755   
  37.91    9.2675    8.3291    7.9998    7.8374  7.6597   0.93835   1.2677   0.3293   0.00032393   0.0030624   0.0031082   0.0019841  0.00032763   
  35.85    9.1668    8.2274    7.8971    7.7342  7.5561   0.93943   1.2698   0.33035   0.0003554   0.0033633   0.0034169   0.0021821  0.00036044   
  33.91    9.0673    8.1268    7.7953    7.6319  7.4535   0.94057   1.272   0.33147   0.00038951   0.0036899   0.0037526   0.0023975  0.00039617   
  32.07    8.9691    8.0273    7.6946    7.5307  7.3519   0.94179   1.2744   0.33266   0.0004264   0.004044   0.0041171   0.0026317  0.00043502   
  30.33    8.8721    7.929    7.5951    7.4307  7.2514   0.94307   1.277   0.33393   0.00046623   0.0044269   0.0045123   0.0028858  0.0004772   
  28.68    8.7765    7.8321    7.4968    7.3318  7.1521   0.94444   1.2797   0.33527   0.00050914   0.0048404   0.0049399   0.003161  0.00052292   
  27.12    8.6824    7.7365    7.3998    7.2341  7.054   0.9459   1.2826   0.33669   0.00055525   0.0052859   0.0054016   0.0034584  0.00057237   
  25.65    8.5898    7.6424    7.3041    7.1378  6.9571   0.94744   1.2857   0.33821   0.00060469   0.0057647   0.0058992   0.0037792  0.00062576   
  24.26    8.4988    7.5497    7.2099    7.0429  6.8617   0.9491   1.2889   0.33982   0.00065754   0.0062782   0.0064341   0.0041246  0.00068328   
  22.94    8.4095    7.4587    7.1172    6.9494  6.7676   0.95085   1.2924   0.34154   0.00071389   0.0068272   0.0070078   0.0044955  0.0007451   
  21.7    8.3221    7.3694    7.026    6.8574  6.6751   0.95272   1.2961   0.34335   0.00077378   0.0074128   0.0076216   0.0048928  0.00081141   
  20.52    8.2365    7.2818    6.9365    6.7671  6.5841   0.95471   1.3   0.34529   0.00083724   0.0080354   0.0082765   0.0053174  0.00088232   
  19.4    8.1529    7.1961    6.8488    6.6784  6.4948   0.95683   1.3042   0.34735   0.00090423   0.0086953   0.0089732   0.0057697  0.00095798   
  18.35    8.0715    7.1124    6.7628    6.5916  6.4072   0.95909   1.3086   0.34955   0.00097468   0.0093923   0.0097121   0.0062503  0.0010384   
  17.35    7.9922    7.0307    6.6789    6.5066  6.3215   0.9615   1.3134   0.35188   0.0010485   0.010126   0.010493   0.0067591  0.0011238   
  16.41    7.9154    6.9513    6.5969    6.4236  6.2376   0.96408   1.3185   0.35437   0.0011254   0.010895   0.011316   0.0072962  0.001214   
  15.52    7.841    6.8741    6.5171    6.3427  6.1558   0.96682   1.3238   0.35702   0.0012052   0.011697   0.012179   0.0078609  0.001309   
  14.68    7.7692    6.7994    6.4396    6.2639  6.0762   0.96977   1.3296   0.35984   0.0012876   0.01253   0.013081   0.0084524  0.0014086   
  13.88    7.7001    6.7272    6.3644    6.1874  5.9987   0.9729   1.3358   0.36285   0.0013722   0.013392   0.014019   0.0090694  0.0015128   
  13.13    7.634    6.6577    6.2916    6.1133  5.9236   0.97626   1.3423   0.36607   0.0014584   0.014277   0.01499   0.00971  0.0016212   
  12.41    7.5708    6.591    6.2215    6.0417  5.8509   0.97986   1.3494   0.3695   0.0015457   0.015182   0.01599   0.010372  0.0017334   
  11.74    7.5109    6.5272    6.1541    5.9727  5.7808   0.9837   1.3569   0.37316   0.0016334   0.0161   0.017015   0.011052  0.0018491   
  11.1    7.4544    6.4665    6.0895    5.9065  5.7133   0.98783   1.3649   0.37707   0.0017207   0.017026   0.018058   0.011747  0.0019676   
  10.5    7.4013    6.4091    6.0278    5.8431  5.6486   0.99225   1.3735   0.38125   0.0018068   0.017951   0.019112   0.012454  0.0020884   
  9.93    7.352    6.355    5.9693    5.7827  5.5868   0.997   1.3827   0.38571   0.0018908   0.018867   0.020171   0.013166  0.0022107   
  9.391    7.3066    6.3045    5.914    5.7254  5.5281   1.0021   1.3926   0.39048   0.0019715   0.019766   0.021225   0.013879  0.0023337   
  8.881    7.2653    6.2577    5.8621    5.6714  5.4724   1.0076   1.4032   0.39559   0.0020481   0.020637   0.022264   0.014588  0.0024563   
  8.399    7.2282    6.2147    5.8137    5.6207  5.4201   1.0135   1.4145   0.40105   0.0021192   0.02147   0.02328   0.015285  0.0025777   
  7.943    7.1956    6.1757    5.7689    5.5735  5.3711   1.0198   1.4267   0.40689   0.0021839   0.022255   0.024261   0.015964  0.0026966   
  7.512    7.1676    6.141    5.7278    5.5298  5.3256   1.0266   1.4398   0.41314   0.0022408   0.022979   0.025195   0.016619  0.002812   
  7.104    7.1445    6.1105    5.6907    5.49  5.2838   1.034   1.4539   0.41983   0.002289   0.023633   0.026073   0.01724  0.0029226   
  6.719    7.1265    6.0845    5.6575    5.4539  5.2456   1.042   1.469   0.42699   0.0023273   0.024206   0.026881   0.017822  0.0030271   
  6.354    7.1137    6.0631    5.6285    5.4218  5.2112   1.0506   1.4852   0.43467   0.0023549   0.024687   0.02761   0.018357  0.0031244   
  6.009    7.1064    6.0465    5.6037    5.3937  5.1808   1.0598   1.5027   0.44286   0.0023708   0.025068   0.028248   0.018839  0.0032133   
  5.683    7.1047    6.0348    5.5832    5.3697  5.1543   1.0699   1.5215   0.45164   0.0023746   0.02534   0.028786   0.01926  0.0032928   
  5.374    7.1087    6.028    5.567    5.3499  5.1318   1.0807   1.5417   0.46102   0.0023657   0.025498   0.029218   0.019615  0.0033617   
  5.082    7.1187    6.0263    5.5553    5.3343  5.1133   1.0924   1.5634   0.47103   0.002344   0.025539   0.029535   0.019899  0.0034192   
  4.806    7.1348    6.0297    5.548    5.3228  5.099   1.1051   1.5868   0.48171   0.0023096   0.025459   0.029734   0.02011  0.0034648   
  4.545    7.1569    6.0382    5.5451    5.3156  5.0886   1.1188   1.6118   0.49306   0.0022629   0.025261   0.029813   0.020244  0.0034979   
  4.299    7.1853    6.0517    5.5466    5.3125  5.0823   1.1336   1.6387   0.50513   0.0022046   0.024948   0.029772   0.020302  0.0035184   
  4.065    7.2198    6.0703    5.5524    5.3135  5.0799   1.1495   1.6674   0.51793   0.0021357   0.024525   0.029615   0.020284  0.0035262   
  3.845    7.2603    6.0937    5.5622    5.3184  5.0812   1.1667   1.6981   0.53142   0.0020574   0.024002   0.029346   0.020192  0.0035218   
  3.636    7.3068    6.1217    5.5761    5.327  5.0862   1.1851   1.7307   0.5456   0.0019712   0.023391   0.028974   0.020032  0.0035057   
  3.438    7.3589    6.1541    5.5936    5.3392  5.0946   1.2048   1.7652   0.56043   0.0018789   0.022704   0.02851   0.019809  0.0034787   
  3.252    7.4162    6.1904    5.6146    5.3546  5.1062   1.2258   1.8016   0.57584   0.0017823   0.021957   0.027966   0.01953  0.0034419   
  3.075    7.4782    6.2302    5.6385    5.3729  5.1206   1.248   1.8397   0.59173   0.0016833   0.021166   0.027356   0.019204  0.0033966   
  2.908    7.5443    6.273    5.665    5.3937  5.1374   1.2713   1.8793   0.60798   0.0015839   0.020348   0.026696   0.018839  0.0033441   
  2.75    7.6137    6.3181    5.6937    5.4166  5.1564   1.2956   1.92   0.62443   0.0014859   0.01952   0.026001   0.018445  0.0032862   
  2.601    7.6853    6.3648    5.7239    5.4412  5.1771   1.3206   1.9614   0.64088   0.001391   0.018699   0.025287   0.018032  0.0032241   
  2.46    7.7583    6.4123    5.7552    5.467  5.1991   1.3459   2.0031   0.65713   0.0013006   0.017898   0.024568   0.017609  0.0031596   
  2.326    7.8312    6.4599    5.787    5.4935  5.2218   1.3713   2.0442   0.67293   0.0012161   0.01713   0.023859   0.017185  0.0030941   
  2.2    7.903    6.5068    5.8187    5.5201  5.245   1.3963   2.0843   0.68803   0.0011383   0.016406   0.023171   0.016768  0.0030288   
  2.081    7.9725    6.5522    5.8499    5.5466  5.2681   1.4203   2.1225   0.70223   0.0010677   0.015735   0.022515   0.016364  0.0029651   
  1.968    8.0384    6.5955    5.8802    5.5724  5.2908   1.443   2.1583   0.71531   0.0010048   0.01512   0.021897   0.01598  0.0029037   
  1.861    8.1    6.6361    5.909    5.5972  5.3128   1.4639   2.191   0.72712   0.0009494   0.014564   0.021323   0.015619  0.0028455   
  1.76    8.1565    6.6737    5.9361    5.6208  5.3338   1.4827   2.2203   0.73758   0.0009013   0.014068   0.020797   0.015283  0.0027909   
  1.664    8.2074    6.7081    5.9614    5.6429  5.3536   1.4993   2.2459   0.74664   0.00086   0.01363   0.020317   0.014975  0.0027404   
  1.574    8.2526    6.7391    5.9848    5.6635  5.3722   1.5135   2.2678   0.75434   0.00082489   0.013246   0.019885   0.014693  0.0026939   
  1.488    8.2924    6.7669    6.0061    5.6825  5.3894   1.5255   2.2862   0.76076   0.00079524   0.012911   0.019498   0.014438  0.0026515   
  1.408    8.327    6.7916    6.0256    5.7  5.4053   1.5354   2.3014   0.76604   0.0007703   0.012621   0.019152   0.014209  0.002613   
  1.331    8.3569    6.8135    6.0432    5.7159  5.4199   1.5434   2.3138   0.77033   0.00074935   0.012369   0.018845   0.014002  0.0025782   
  1.259    8.3828    6.8329    6.0591    5.7303  5.4332   1.55   2.3237   0.77378   0.00073168   0.01215   0.01857   0.013817  0.0025467   
  1.191    8.4053    6.85    6.0735    5.7435  5.4454   1.5553   2.3318   0.77656   0.00071671   0.01196   0.018326   0.01365  0.0025184   
  1.126    8.4249    6.8653    6.0865    5.7555  5.4565   1.5596   2.3384   0.77881   0.00070389   0.011793   0.018108   0.0135  0.0024927   
  1.065    8.4421    6.8789    6.0983    5.7664  5.4666   1.5631   2.3438   0.78065   0.00069282   0.011645   0.017912   0.013365  0.0024695   
  1.007    8.4574    6.8912    6.109    5.7763  5.4759   1.5662   2.3484   0.78219   0.00068313   0.011515   0.017736   0.013243  0.0024485   
  0.9523    8.4711    6.9023    6.1188    5.7854  5.4844   1.5688   2.3523   0.78349   0.00067457   0.011398   0.017577   0.013133  0.0024294   
  0.9006    8.4835    6.9123    6.1277    5.7937  5.4922   1.5711   2.3557   0.78462   0.00066691   0.011293   0.017433   0.013033  0.002412   
  0.8517    8.4947    6.9215    6.1359    5.8014  5.4994   1.5732   2.3588   0.78563   0.00066001   0.011197   0.017302   0.012942  0.0023961   
  0.8055    8.5051    6.9299    6.1434    5.8084  5.506   1.5751   2.3617   0.78654   0.00065376   0.011111   0.017183   0.012858  0.0023816   
  0.7618    8.5146    6.9377    6.1503    5.8148  5.512   1.5769   2.3643   0.78737   0.00064806   0.011032   0.017074   0.012782  0.0023684   
  0.7204    8.5234    6.9448    6.1566    5.8207  5.5176   1.5786   2.3667   0.78815   0.00064284   0.01096   0.016974   0.012713  0.0023562   
  0.6813    8.5315    6.9514    6.1625    5.8261  5.5227   1.5801   2.369   0.78886   0.00063805   0.010894   0.016883   0.01265  0.0023451   
  0.6443    8.539    6.9574    6.1679    5.8311  5.5275   1.5816   2.3712   0.78954   0.00063363   0.010833   0.0168   0.012592  0.0023349   
  0.6093    8.546    6.963    6.1728    5.8357  5.5318   1.583   2.3732   0.79018   0.00062957   0.010778   0.016723   0.012539  0.0023256   
  0.5762    8.5525    6.9682    6.1774    5.84  5.5359   1.5843   2.3751   0.79078   0.00062583   0.010726   0.016653   0.01249  0.002317   
  0.545    8.5585    6.973    6.1816    5.8438  5.5396   1.5855   2.3769   0.79134   0.00062237   0.010679   0.016588   0.012445  0.0023091   
  0.5154    8.5641    6.9774    6.1855    5.8474  5.543   1.5867   2.3786   0.79188   0.00061918   0.010636   0.016529   0.012404  0.0023018   
  0.4874    8.5693    6.9815    6.1891    5.8507  5.5462   1.5878   2.3802   0.79239   0.00061624   0.010596   0.016474   0.012366  0.0022951   
  0.4609    8.574    6.9853    6.1924    5.8538  5.5491   1.5888   2.3816   0.79287   0.00061352   0.010559   0.016424   0.012331  0.0022889   
  0.4359    8.5785    6.9888    6.1955    5.8566  5.5518   1.5897   2.383   0.79332   0.00061102   0.010524   0.016378   0.012299  0.0022832   
  0.4122    8.5826    6.9921    6.1983    5.8592  5.5543   1.5905   2.3842   0.79374   0.00060871   0.010493   0.016335   0.01227  0.0022779   
  0.3899    8.5864    6.9951    6.201    5.8616  5.5566   1.5913   2.3854   0.79414   0.00060659   0.010463   0.016295   0.012243  0.002273   
  0.3687    8.5899    6.9979    6.2034    5.8639  5.5588   1.5919   2.3865   0.79451   0.00060465   0.010436   0.016259   0.012218  0.0022685   
  0.3487    8.5931    7.0005    6.2057    5.8659  5.5608   1.5926   2.3874   0.79486   0.00060286   0.010411   0.016225   0.012195  0.0022643   
  0.3297    8.596    7.0029    6.2078    5.8678  5.5627   1.5931   2.3883   0.79518   0.00060122   0.010388   0.016194   0.012173  0.0022604   
  0.3118    8.5987    7.0052    6.2097    5.8696  5.5644   1.5936   2.389   0.79548   0.00059973   0.010367   0.016165   0.012154  0.0022568   
  0.2949    8.6012    7.0072    6.2115    5.8712  5.566   1.594   2.3897   0.79576   0.00059837   0.010347   0.016138   0.012135  0.0022534   
  0.2789    8.6034    7.0092    6.2131    5.8727  5.5676   1.5943   2.3903   0.79601   0.00059714   0.010329   0.016114   0.012118  0.0022503   
  0.2638    8.6055    7.0109    6.2147    5.8741  5.569   1.5945   2.3908   0.79624   0.00059603   0.010312   0.016091   0.012103  0.0022474   
  0.2494    8.6073    7.0125    6.2161    5.8754  5.5703   1.5947   2.3912   0.79644   0.00059503   0.010297   0.01607   0.012089  0.0022446   
  0.2359    8.6089    7.014    6.2174    5.8766  5.5715   1.5949   2.3915   0.79663   0.00059413   0.010283   0.01605   0.012075  0.0022421   
  0.2231    8.6104    7.0154    6.2186    5.8777  5.5727   1.595   2.3918   0.79679   0.00059333   0.01027   0.016033   0.012063  0.0022397   
  0.211    8.6117    7.0167    6.2197    5.8787  5.5738   1.595   2.392   0.79694   0.00059261   0.010258   0.016016   0.012051  0.0022374   
  0.1995    8.6128    7.0178    6.2208    5.8797  5.5749   1.595   2.3921   0.79706   0.00059198   0.010247   0.016001   0.012041  0.0022352   
