 Tau[Gyrs]  u g r i z ###u-g###u-r###g-r### Luminosities{u,g,r,i,z} [Lsun]  
  50.12    9.2565    8.2835    7.9342    7.7179  7.5612   0.97306   1.3223   0.34928   0.00032722   0.003194   0.003302   0.0022151  0.00035875   
  49.2    9.2212    8.2479    7.8985    7.6821  7.5254   0.97333   1.3227   0.34941   0.00033803   0.0033003   0.0034123   0.0022892  0.00037076   
  48.3    9.186    8.2124    7.8629    7.6465  7.4898   0.97362   1.3232   0.34954   0.00034917   0.00341   0.0035261   0.0023655  0.00038313   
  47.42    9.1509    8.177    7.8274    7.611  7.4542   0.9739   1.3236   0.34968   0.00036064   0.003523   0.0036434   0.0024443  0.00039589   
  46.55    9.1159    8.1417    7.7919    7.5755  7.4187   0.97419   1.324   0.34982   0.00037246   0.0036394   0.0037643   0.0025255  0.00040904   
  45.69    9.081    8.1065    7.7566    7.5401  7.3833   0.9745   1.3245   0.34995   0.00038463   0.0037594   0.0038889   0.0026091  0.0004226   
  44.86    9.0462    8.0714    7.7213    7.5048  7.348   0.9748   1.3249   0.3501   0.00039717   0.003883   0.0040173   0.0026954  0.00043657   
  44.04    9.0114    8.0363    7.6861    7.4696  7.3128   0.97511   1.3253   0.35024   0.00041008   0.0040104   0.0041496   0.0027842  0.00045096   
  43.23    8.9768    8.0014    7.651    7.4345  7.2777   0.97543   1.3258   0.3504   0.00042337   0.0041416   0.004286   0.0028757  0.00046579   
  42.44    8.9423    7.9665    7.616    7.3994  7.2426   0.97576   1.3263   0.35054   0.00043705   0.0042767   0.0044264   0.00297  0.00048107   
  41.66    8.9079    7.9318    7.5811    7.3645  7.2077   0.97608   1.3268   0.3507   0.00045113   0.0044158   0.004571   0.0030671  0.00049681   
  40.9    8.8736    7.8971    7.5463    7.3297  7.1728   0.97641   1.3273   0.35085   0.00046561   0.004559   0.0047199   0.0031672  0.00051301   
  40.15    8.8394    7.8626    7.5116    7.2949  7.1381   0.97676   1.3278   0.35101   0.00048052   0.0047064   0.0048732   0.0032702  0.0005297   
  39.41    8.8052    7.8281    7.477    7.2603  7.1034   0.97711   1.3283   0.35117   0.00049585   0.0048581   0.0050311   0.0033762  0.00054688   
  38.69    8.7713    7.7938    7.4425    7.2257  7.0689   0.97746   1.3288   0.35134   0.00051162   0.0050142   0.0051936   0.0034853  0.00056456   
  37.98    8.7374    7.7596    7.408    7.1913  7.0344   0.97783   1.3293   0.35151   0.00052783   0.0051749   0.0053608   0.0035977  0.00058277   
  37.29    8.7036    7.7254    7.3737    7.157  7.0001   0.9782   1.3299   0.35168   0.0005445   0.0053402   0.0055329   0.0037132  0.0006015   
  36.61    8.67    7.6914    7.3395    7.1227  6.9658   0.97857   1.3304   0.35186   0.00056164   0.0055101   0.0057099   0.0038322  0.00062077   
  35.94    8.6365    7.6575    7.3055    7.0886  6.9317   0.97895   1.331   0.35204   0.00057925   0.0056849   0.005892   0.0039545  0.0006406   
  35.28    8.6031    7.6237    7.2715    7.0546  6.8977   0.97936   1.3316   0.35222   0.00059735   0.0058647   0.0060794   0.0040804  0.00066099   
  34.63    8.5698    7.59    7.2376    7.0207  6.8637   0.97975   1.3322   0.35241   0.00061595   0.0060494   0.006272   0.0042098  0.00068197   
  34.0    8.5366    7.5565    7.2039    6.9869  6.8299   0.98016   1.3328   0.3526   0.00063504   0.0062394   0.00647   0.0043429  0.00070353   
  33.37    8.5036    7.523    7.1702    6.9532  6.7963   0.98057   1.3334   0.35278   0.00065466   0.0064346   0.0066736   0.0044796  0.0007257   
  32.76    8.4707    7.4897    7.1367    6.9197  6.7627   0.98099   1.334   0.35299   0.0006748   0.0066351   0.0068828   0.0046202  0.00074849   
  32.16    8.4379    7.4565    7.1033    6.8862  6.7292   0.98143   1.3346   0.35319   0.00069547   0.006841   0.0070978   0.0047647  0.00077191   
  31.57    8.4053    7.4234    7.07    6.8529  6.6959   0.98188   1.3353   0.35339   0.00071668   0.0070526   0.0073187   0.0049132  0.00079597   
  31.0    8.3728    7.3905    7.0369    6.8197  6.6627   0.98233   1.3359   0.3536   0.00073845   0.0072699   0.0075455   0.0050657  0.00082069   
  30.43    8.3405    7.3577    7.0039    6.7867  6.6296   0.98278   1.3366   0.35381   0.00076079   0.0074929   0.0077786   0.0052223  0.00084607   
  29.87    8.3083    7.325    6.971    6.7537  6.5967   0.98324   1.3373   0.35403   0.00078369   0.0077218   0.0080178   0.0053831  0.00087214   
  29.32    8.2762    7.2925    6.9382    6.7209  6.5639   0.98372   1.338   0.35425   0.00080718   0.0079567   0.0082634   0.0055482  0.0008989   
  28.79    8.2443    7.2601    6.9056    6.6883  6.5312   0.98422   1.3387   0.35448   0.00083125   0.0081977   0.0085155   0.0057177  0.00092637   
  28.26    8.2125    7.2278    6.8731    6.6557  6.4986   0.98471   1.3394   0.3547   0.00085593   0.008445   0.0087741   0.0058916  0.00095457   
  27.74    8.1809    7.1957    6.8408    6.6234  6.4662   0.98522   1.3402   0.35494   0.00088122   0.0086985   0.0090395   0.00607  0.00098349   
  27.23    8.1495    7.1637    6.8086    6.5911  6.434   0.98573   1.3409   0.35518   0.00090712   0.0089584   0.0093117   0.0062531  0.0010132   
  26.74    8.1182    7.1319    6.7765    6.559  6.4018   0.98626   1.3417   0.35542   0.00093365   0.0092249   0.0095908   0.0064408  0.0010436   
  26.25    8.087    7.1002    6.7446    6.527  6.3699   0.98679   1.3425   0.35567   0.00096081   0.0094979   0.0098769   0.0066332  0.0010748   
  25.77    8.0561    7.0687    6.7128    6.4952  6.338   0.98734   1.3433   0.35592   0.00098861   0.0097777   0.01017   0.0068305  0.0011068   
  25.29    8.0253    7.0374    6.6812    6.4635  6.3063   0.9879   1.3441   0.35618   0.0010171   0.010064   0.010471   0.0070326  0.0011395   
  24.83    7.9946    7.0062    6.6497    6.432  6.2748   0.98847   1.3449   0.35644   0.0010462   0.010358   0.010779   0.0072397  0.0011731   
  24.38    7.9642    6.9751    6.6184    6.4007  6.2434   0.98905   1.3458   0.35671   0.0010759   0.010658   0.011094   0.0074519  0.0012075   
  23.93    7.9339    6.9442    6.5873    6.3695  6.2122   0.98965   1.3466   0.35699   0.0011064   0.010965   0.011417   0.0076691  0.0012427   
  23.49    7.9038    6.9135    6.5563    6.3384  6.1812   0.99025   1.3475   0.35727   0.0011375   0.01128   0.011747   0.0078915  0.0012788   
  23.06    7.8739    6.883    6.5255    6.3076  6.1503   0.99087   1.3484   0.35755   0.0011692   0.011602   0.012086   0.0081191  0.0013157   
  22.64    7.8441    6.8526    6.4948    6.2769  6.1195   0.9915   1.3493   0.35784   0.0012017   0.011931   0.012432   0.008352  0.0013535   
  22.22    7.8146    6.8224    6.4643    6.2463  6.089   0.99214   1.3503   0.35813   0.0012348   0.012267   0.012786   0.0085903  0.0013921   
  21.82    7.7852    6.7924    6.434    6.216  6.0586   0.9928   1.3512   0.35843   0.0012687   0.012611   0.013148   0.0088339  0.0014316   
  21.42    7.7561    6.7626    6.4039    6.1858  6.0284   0.99347   1.3522   0.35874   0.0013032   0.012962   0.013518   0.0090829  0.001472   
  21.03    7.7271    6.733    6.3739    6.1558  5.9983   0.99415   1.3532   0.35906   0.0013384   0.013321   0.013896   0.0093375  0.0015133   
  20.64    7.6984    6.7035    6.3442    6.1259  5.9685   0.99485   1.3542   0.35937   0.0013744   0.013687   0.014282   0.0095976  0.0015555   
  20.26    7.6698    6.6743    6.3146    6.0963  5.9388   0.99555   1.3553   0.3597   0.001411   0.014061   0.014677   0.0098632  0.0015986   
  19.89    7.6415    6.6452    6.2852    6.0668  5.9094   0.99628   1.3563   0.36003   0.0014483   0.014442   0.015079   0.010134  0.0016426   
  19.53    7.6134    6.6163    6.256    6.0376  5.8801   0.99702   1.3574   0.36037   0.0014863   0.014832   0.01549   0.010411  0.0016875   
  19.17    7.5854    6.5877    6.227    6.0085  5.851   0.99777   1.3585   0.36072   0.001525   0.015228   0.01591   0.010694  0.0017333   
  18.82    7.5578    6.5592    6.1982    5.9796  5.8221   0.99854   1.3596   0.36107   0.0015644   0.015633   0.016338   0.010982  0.00178   
  18.47    7.5303    6.531    6.1695    5.951  5.7934   0.99933   1.3608   0.36143   0.0016045   0.016045   0.016774   0.011276  0.0018277   
  18.14    7.5031    6.5029    6.1411    5.9225  5.7649   1.0001   1.3619   0.36179   0.0016452   0.016465   0.017218   0.011575  0.0018763   
  17.8    7.4761    6.4751    6.113    5.8942  5.7366   1.0009   1.3631   0.36217   0.0016866   0.016892   0.017671   0.011881  0.0019258   
  17.48    7.4493    6.4475    6.085    5.8662  5.7085   1.0018   1.3643   0.36255   0.0017287   0.017327   0.018133   0.012192  0.0019763   
  17.16    7.4228    6.4201    6.0572    5.8384  5.6807   1.0026   1.3656   0.36293   0.0017715   0.017769   0.018602   0.012508  0.0020276   
  16.84    7.3965    6.393    6.0297    5.8107  5.653   1.0035   1.3668   0.36333   0.0018149   0.018219   0.01908   0.01283  0.0020799   
  16.53    7.3705    6.3661    6.0023    5.7833  5.6256   1.0044   1.3681   0.36373   0.0018589   0.018676   0.019566   0.013158  0.0021331   
  16.23    7.3447    6.3394    5.9752    5.7562  5.5984   1.0053   1.3695   0.36415   0.0019036   0.019141   0.020061   0.013492  0.0021872   
  15.93    7.3192    6.313    5.9484    5.7292  5.5715   1.0062   1.3708   0.36457   0.0019489   0.019613   0.020563   0.01383  0.0022422   
  15.64    7.2939    6.2867    5.9218    5.7025  5.5447   1.0072   1.3722   0.36499   0.0019947   0.020092   0.021074   0.014175  0.0022981   
  15.36    7.2689    6.2608    5.8954    5.6761  5.5182   1.0081   1.3736   0.36543   0.0020412   0.020578   0.021593   0.014525  0.0023549   
  15.08    7.2442    6.2351    5.8692    5.6498  5.492   1.0091   1.375   0.36588   0.0020882   0.021071   0.022119   0.01488  0.0024125   
  14.8    7.2198    6.2096    5.8433    5.6239  5.466   1.0101   1.3765   0.36633   0.0021357   0.021571   0.022653   0.01524  0.002471   
  14.53    7.1956    6.1845    5.8177    5.5981  5.4402   1.0112   1.3779   0.36679   0.0021838   0.022077   0.023195   0.015606  0.0025303   
  14.26    7.1717    6.1595    5.7923    5.5727  5.4147   1.0122   1.3795   0.36726   0.0022323   0.02259   0.023744   0.015976  0.0025905   
  14.0    7.1481    6.1349    5.7671    5.5474  5.3895   1.0133   1.381   0.36774   0.0022814   0.023109   0.0243   0.016352  0.0026514   
  13.74    7.1248    6.1105    5.7422    5.5225  5.3645   1.0144   1.3826   0.36824   0.0023309   0.023634   0.024863   0.016732  0.0027132   
  13.49    7.1018    6.0864    5.7176    5.4978  5.3397   1.0155   1.3842   0.36873   0.0023807   0.024164   0.025433   0.017117  0.0027757   
  13.25    7.0791    6.0625    5.6933    5.4733  5.3153   1.0166   1.3859   0.36925   0.002431   0.024701   0.02601   0.017506  0.0028389   
  13.0    7.0568    6.039    5.6692    5.4492  5.2911   1.0178   1.3875   0.36977   0.0024817   0.025242   0.026593   0.0179  0.0029029   
  12.76    7.0347    6.0157    5.6454    5.4253  5.2672   1.019   1.3893   0.3703   0.0025326   0.025789   0.027182   0.018298  0.0029675   
  12.53    7.0129    5.9928    5.6219    5.4017  5.2436   1.0202   1.391   0.37084   0.0025839   0.02634   0.027777   0.0187  0.0030328   
  12.3    6.9915    5.9701    5.5987    5.3784  5.2202   1.0214   1.3928   0.3714   0.0026354   0.026896   0.028377   0.019106  0.0030987   
  12.08    6.9704    5.9477    5.5758    5.3554  5.1972   1.0227   1.3946   0.37197   0.0026871   0.027455   0.028983   0.019515  0.0031652   
  11.86    6.9497    5.9257    5.5531    5.3327  5.1744   1.024   1.3965   0.37255   0.002739   0.028019   0.029593   0.019928  0.0032322   
  11.64    6.9292    5.9039    5.5308    5.3102  5.1519   1.0253   1.3984   0.37313   0.002791   0.028585   0.030208   0.020344  0.0032998   
  11.43    6.9092    5.8825    5.5088    5.2881  5.1298   1.0266   1.4004   0.37373   0.0028431   0.029155   0.030827   0.020763  0.0033678   
  11.22    6.8894    5.8614    5.4871    5.2663  5.1079   1.028   1.4023   0.37435   0.0028952   0.029727   0.03145   0.021184  0.0034363   
  11.01    6.8701    5.8406    5.4657    5.2448  5.0864   1.0294   1.4044   0.37496   0.0029473   0.030302   0.032076   0.021608  0.0035051   
  10.81    6.851    5.8202    5.4446    5.2236  5.0652   1.0308   1.4064   0.3756   0.0029994   0.030877   0.032704   0.022034  0.0035743   
  10.61    6.8324    5.8001    5.4238    5.2028  5.0443   1.0323   1.4086   0.37625   0.0030513   0.031455   0.033336   0.022461  0.0036437   
  10.42    6.8141    5.7803    5.4034    5.1822  5.0237   1.0338   1.4107   0.37691   0.0031031   0.032033   0.033969   0.02289  0.0037134   
  10.23    6.7962    5.7609    5.3833    5.162  5.0035   1.0353   1.4129   0.37758   0.0031547   0.032611   0.034604   0.02332  0.0037832   
  10.04    6.7787    5.7418    5.3636    5.1422  4.9836   1.0369   1.4152   0.37828   0.003206   0.033189   0.035239   0.02375  0.0038532   
  9.855    6.7616    5.7231    5.3441    5.1226  4.964   1.0385   1.4175   0.37898   0.0032569   0.033766   0.035875   0.024181  0.0039233   
  9.674    6.7449    5.7048    5.3251    5.1035  4.9448   1.0401   1.4198   0.3797   0.0033074   0.034341   0.036511   0.024612  0.0039933   
  9.497    6.7286    5.6868    5.3064    5.0846  4.926   1.0418   1.4222   0.38042   0.0033575   0.034915   0.037145   0.025043  0.0040633   
  9.323    6.7127    5.6692    5.288    5.0662  4.9075   1.0435   1.4247   0.38117   0.0034071   0.035486   0.037779   0.025473  0.0041331   
  9.152    6.6972    5.6519    5.27    5.048  4.8893   1.0452   1.4272   0.38192   0.0034561   0.036054   0.03841   0.025901  0.0042028   
  8.985    6.6821    5.6351    5.2524    5.0303  4.8715   1.047   1.4297   0.38271   0.0035044   0.036617   0.039039   0.026328  0.0042722   
  8.82    6.6674    5.6186    5.2351    5.0129  4.8541   1.0488   1.4323   0.38349   0.003552   0.037177   0.039664   0.026753  0.0043413   
  8.659    6.6532    5.6025    5.2182    4.9959  4.8371   1.0507   1.435   0.3843   0.0035989   0.037732   0.040286   0.027175  0.00441   
  8.5    6.6394    5.5869    5.2017    4.9793  4.8204   1.0526   1.4377   0.38513   0.0036449   0.038281   0.040903   0.027594  0.0044782   
  8.345    6.6261    5.5716    5.1856    4.963  4.8041   1.0545   1.4405   0.38597   0.0036899   0.038823   0.041515   0.02801  0.0045458   
  8.192    6.6132    5.5567    5.1699    4.9472  4.7882   1.0565   1.4433   0.38681   0.003734   0.039359   0.04212   0.028422  0.0046128   
  8.042    6.6007    5.5422    5.1546    4.9317  4.7728   1.0585   1.4462   0.38769   0.0037771   0.039886   0.042719   0.02883  0.0046791   
  7.894    6.5888    5.5282    5.1396    4.9167  4.7577   1.0606   1.4491   0.38858   0.003819   0.040405   0.043311   0.029232  0.0047446   
  7.75    6.5772    5.5146    5.1251    4.902  4.743   1.0627   1.4521   0.38949   0.0038597   0.040916   0.043894   0.02963  0.0048093   
  7.608    6.5662    5.5014    5.111    4.8878  4.7287   1.0648   1.4552   0.39041   0.0038991   0.041416   0.044469   0.030021  0.004873   
  7.469    6.5557    5.4886    5.0973    4.8739  4.7148   1.067   1.4584   0.39136   0.0039372   0.041905   0.045034   0.030406  0.0049357   
  7.332    6.5456    5.4763    5.084    4.8605  4.7013   1.0693   1.4616   0.39231   0.0039739   0.042384   0.045588   0.030784  0.0049972   
  7.198    6.536    5.4644    5.0711    4.8475  4.6883   1.0716   1.4649   0.3933   0.0040092   0.04285   0.046132   0.031155  0.0050576   
  7.066    6.5269    5.453    5.0587    4.8349  4.6757   1.0739   1.4682   0.39429   0.0040429   0.043304   0.046663   0.031518  0.0051167   
  6.936    6.5183    5.442    5.0467    4.8228  4.6635   1.0763   1.4716   0.39531   0.004075   0.043745   0.047182   0.031873  0.0051744   
  6.809    6.5102    5.4315    5.0351    4.8111  4.6518   1.0788   1.4751   0.39635   0.0041055   0.044171   0.047688   0.032219  0.0052307   
  6.685    6.5026    5.4214    5.024    4.7998  4.6405   1.0813   1.4787   0.39741   0.0041342   0.044583   0.048179   0.032555  0.0052855   
  6.562    6.4956    5.4118    5.0133    4.789  4.6296   1.0838   1.4823   0.39849   0.0041611   0.044979   0.048656   0.032881  0.0053386   
  6.442    6.4891    5.4026    5.003    4.7786  4.6192   1.0864   1.486   0.39959   0.0041862   0.04536   0.049117   0.033197  0.0053901   
  6.324    6.4831    5.394    4.9932    4.7686  4.6092   1.0891   1.4898   0.40072   0.0042094   0.045724   0.049563   0.033503  0.0054398   
  6.208    6.4776    5.3858    4.9839    4.7592  4.5997   1.0918   1.4937   0.40186   0.0042307   0.04607   0.049991   0.033796  0.0054877   
  6.095    6.4727    5.378    4.975    4.7501  4.5906   1.0946   1.4976   0.40302   0.00425   0.046399   0.050401   0.034079  0.0055337   
  5.983    6.4683    5.3708    4.9666    4.7416  4.582   1.0975   1.5017   0.40421   0.0042672   0.046709   0.050794   0.034349  0.0055777   
  5.873    6.4644    5.3641    4.9586    4.7335  4.5739   1.1004   1.5058   0.40541   0.0042823   0.047   0.051167   0.034606  0.0056196   
  5.766    6.4611    5.3578    4.9512    4.7258  4.5662   1.1033   1.51   0.40664   0.0042953   0.047272   0.051522   0.03485  0.0056595   
  5.66    6.4584    5.352    4.9441    4.7186  4.559   1.1064   1.5143   0.40789   0.0043062   0.047524   0.051856   0.035081  0.0056971   
  5.557    6.4562    5.3467    4.9376    4.7119  4.5523   1.1095   1.5186   0.40916   0.0043148   0.047756   0.052169   0.035298  0.0057325   
  5.455    6.4546    5.342    4.9315    4.7057  4.5461   1.1126   1.5231   0.41046   0.0043213   0.047966   0.052462   0.035501  0.0057656   
  5.355    6.4535    5.3377    4.9259    4.7  4.5403   1.1159   1.5276   0.41179   0.0043254   0.048155   0.052733   0.03569  0.0057963   
  5.257    6.4531    5.3339    4.9208    4.6947  4.535   1.1191   1.5323   0.41313   0.0043274   0.048323   0.052983   0.035863  0.0058247   
  5.161    6.4531    5.3306    4.9161    4.6899  4.5302   1.1225   1.537   0.4145   0.0043271   0.048469   0.05321   0.036022  0.0058505   
  5.066    6.4538    5.3279    4.912    4.6856  4.5258   1.1259   1.5418   0.41589   0.0043245   0.048593   0.053414   0.036165  0.0058739   
  4.973    6.455    5.3256    4.9083    4.6818  4.522   1.1294   1.5467   0.4173   0.0043196   0.048695   0.053595   0.036293  0.0058948   
  4.882    6.4568    5.3238    4.9051    4.6784  4.5186   1.133   1.5517   0.41874   0.0043124   0.048774   0.053754   0.036406  0.0059131   
  4.793    6.4592    5.3226    4.9024    4.6755  4.5157   1.1366   1.5568   0.4202   0.004303   0.04883   0.053889   0.036502  0.0059288   
  4.705    6.4622    5.3218    4.9001    4.6732  4.5133   1.1403   1.562   0.42169   0.0042913   0.048864   0.054   0.036582  0.0059419   
  4.619    6.4657    5.3216    4.8984    4.6713  4.5114   1.1441   1.5673   0.42319   0.0042774   0.048875   0.054087   0.036647  0.0059524   
  4.534    6.4698    5.3218    4.8971    4.6698  4.51   1.1479   1.5727   0.42473   0.0042612   0.048864   0.054151   0.036695  0.0059603   
  4.451    6.4745    5.3226    4.8963    4.6689  4.509   1.1519   1.5782   0.42629   0.0042429   0.04883   0.054191   0.036727  0.0059655   
  4.37    6.4797    5.3238    4.896    4.6684  4.5086   1.1559   1.5837   0.42786   0.0042225   0.048774   0.054207   0.036743  0.0059681   
  4.29    6.4855    5.3256    4.8961    4.6684  4.5086   1.1599   1.5894   0.42946   0.0041999   0.048695   0.0542   0.036742  0.0059681   
  4.211    6.4919    5.3278    4.8967    4.6689  4.5091   1.1641   1.5952   0.43109   0.0041753   0.048595   0.054169   0.036726  0.0059654   
  4.134    6.4988    5.3306    4.8978    4.6698  4.51   1.1683   1.601   0.43273   0.0041487   0.048473   0.054115   0.036695  0.0059602   
  4.058    6.5063    5.3338    4.8994    4.6712  4.5114   1.1726   1.607   0.4344   0.0041202   0.04833   0.054038   0.036647  0.0059524   
  3.984    6.5144    5.3375    4.9014    4.6731  4.5133   1.1769   1.613   0.43609   0.0040898   0.048166   0.053939   0.036584  0.0059421   
  3.911    6.523    5.3416    4.9038    4.6754  4.5157   1.1813   1.6191   0.43779   0.0040576   0.047981   0.053817   0.036506  0.0059293   
  3.84    6.5321    5.3463    4.9067    4.6782  4.5184   1.1858   1.6253   0.43953   0.0040237   0.047777   0.053673   0.036413  0.0059141   
  3.769    6.5417    5.3513    4.9101    4.6814  4.5217   1.1904   1.6317   0.44128   0.0039881   0.047554   0.053508   0.036305  0.0058964   
  3.7    6.5519    5.3569    4.9138    4.6851  4.5254   1.195   1.638   0.44304   0.0039509   0.047312   0.053323   0.036183  0.0058764   
  3.632    6.5625    5.3629    4.918    4.6892  4.5295   1.1997   1.6445   0.44483   0.0039123   0.047052   0.053117   0.036047  0.0058542   
  3.566    6.5737    5.3693    4.9227    4.6937  4.534   1.2044   1.651   0.44663   0.0038723   0.046774   0.052892   0.035898  0.0058298   
  3.501    6.5854    5.3761    4.9277    4.6986  4.539   1.2092   1.6577   0.44845   0.003831   0.046481   0.052647   0.035736  0.0058032   
  3.437    6.5975    5.3834    4.9331    4.7039  4.5443   1.2141   1.6644   0.45028   0.0037885   0.046171   0.052385   0.035562  0.0057746   
  3.374    6.61    5.391    4.9389    4.7096  4.5501   1.219   1.6711   0.45212   0.0037449   0.045847   0.052106   0.035375  0.0057441   
  3.312    6.623    5.3991    4.9451    4.7157  4.5563   1.224   1.6779   0.45398   0.0037003   0.045509   0.05181   0.035177  0.0057116   
  3.251    6.6365    5.4075    4.9516    4.7221  4.5628   1.229   1.6848   0.45585   0.0036548   0.045157   0.051498   0.034968  0.0056774   
  3.192    6.6503    5.4163    4.9585    4.729  4.5697   1.234   1.6917   0.45772   0.0036086   0.044794   0.051172   0.034749  0.0056415   
  3.133    6.6645    5.4254    4.9658    4.7361  4.5769   1.2391   1.6987   0.4596   0.0035617   0.044419   0.050832   0.034521  0.005604   
  3.076    6.679    5.4348    4.9733    4.7436  4.5845   1.2442   1.7057   0.46148   0.0035142   0.044034   0.050479   0.034283  0.005565   
  3.019    6.694    5.4446    4.9812    4.7514  4.5924   1.2494   1.7127   0.46338   0.0034663   0.04364   0.050114   0.034037  0.0055246   
  2.964    6.7092    5.4547    4.9894    4.7596  4.6006   1.2545   1.7198   0.46527   0.003418   0.043237   0.049738   0.033784  0.005483   
  2.91    6.7247    5.465    4.9979    4.768  4.6091   1.2597   1.7269   0.46716   0.0033695   0.042827   0.049352   0.033523  0.0054402   
  2.857    6.7405    5.4756    5.0066    4.7766  4.6179   1.2649   1.7339   0.46905   0.0033209   0.042411   0.048958   0.033257  0.0053964   
  2.804    6.7565    5.4865    5.0155    4.7856  4.6269   1.2701   1.741   0.47093   0.0032722   0.041989   0.048555   0.032984  0.0053516   
  2.753    6.7728    5.4975    5.0247    4.7947  4.6362   1.2753   1.7481   0.4728   0.0032236   0.041564   0.048146   0.032707  0.005306   
  2.703    6.7892    5.5088    5.0341    4.8041  4.6458   1.2804   1.7551   0.47467   0.0031751   0.041134   0.047731   0.032425  0.0052597   
  2.653    6.8058    5.5202    5.0437    4.8137  4.6555   1.2856   1.7621   0.47652   0.003127   0.040703   0.04731   0.03214  0.0052128   
  2.604    6.8225    5.5319    5.0535    4.8235  4.6654   1.2907   1.769   0.47835   0.0030792   0.04027   0.046886   0.031852  0.0051654   
  2.557    6.8394    5.5436    5.0634    4.8335  4.6755   1.2957   1.7759   0.48017   0.0030319   0.039836   0.046459   0.031561  0.0051176   
  2.51    6.8562    5.5555    5.0735    4.8435  4.6857   1.3008   1.7827   0.48197   0.002985   0.039403   0.046031   0.031269  0.0050696   
  2.464    6.8732    5.5674    5.0837    4.8538  4.6961   1.3057   1.7895   0.48375   0.0029388   0.038972   0.045601   0.030976  0.0050213   
  2.419    6.8901    5.5795    5.094    4.8641  4.7066   1.3107   1.7961   0.48549   0.0028933   0.038542   0.045171   0.030683  0.0049731   
  2.375    6.9071    5.5916    5.1044    4.8745  4.7172   1.3155   1.8027   0.48721   0.0028486   0.038115   0.044741   0.03039  0.0049248   
  2.331    6.9239    5.6037    5.1148    4.885  4.7279   1.3202   1.8091   0.48891   0.0028047   0.037692   0.044314   0.030098  0.0048767   
  2.288    6.9407    5.6158    5.1253    4.8955  4.7386   1.3249   1.8155   0.49056   0.0027616   0.037273   0.043888   0.029807  0.0048287   
  2.246    6.9574    5.6279    5.1357    4.9061  4.7493   1.3294   1.8216   0.49219   0.0027196   0.03686   0.043466   0.029518  0.0047811   
  2.205    6.9739    5.64    5.1462    4.9167  4.7601   1.3339   1.8277   0.49378   0.0026785   0.036452   0.043048   0.029232  0.0047339   
  2.165    6.9903    5.652    5.1567    4.9273  4.7709   1.3382   1.8335   0.49532   0.0026384   0.03605   0.042634   0.028948  0.0046871   
  2.125    7.0064    5.664    5.1672    4.9378  4.7816   1.3424   1.8393   0.49682   0.0025994   0.035655   0.042226   0.028668  0.0046409   
  2.086    7.0224    5.6759    5.1776    4.9483  4.7924   1.3465   1.8448   0.49829   0.0025615   0.035268   0.041823   0.028392  0.0045953   
  2.048    7.0381    5.6876    5.1879    4.9588  4.803   1.3504   1.8502   0.4997   0.0025248   0.034888   0.041427   0.02812  0.0045504   
  2.011    7.0535    5.6992    5.1982    4.9692  4.8136   1.3542   1.8553   0.50107   0.0024892   0.034517   0.041038   0.027852  0.0045062   
  1.974    7.0686    5.7107    5.2083    4.9795  4.8242   1.3579   1.8603   0.50239   0.0024547   0.034154   0.040656   0.027589  0.0044628   
  1.938    7.0834    5.722    5.2184    4.9897  4.8346   1.3614   1.8651   0.50366   0.0024215   0.0338   0.040281   0.027332  0.0044202   
  1.902    7.0979    5.7332    5.2283    4.9997  4.8449   1.3647   1.8696   0.50488   0.0023894   0.033455   0.039915   0.027079  0.0043785   
  1.867    7.112    5.7441    5.2381    5.0097  4.855   1.3679   1.874   0.50605   0.0023585   0.033119   0.039557   0.026833  0.0043377   
  1.833    7.1258    5.7549    5.2477    5.0195  4.8651   1.3709   1.8781   0.50717   0.0023288   0.032793   0.039208   0.026592  0.0042978   
  1.8    7.1392    5.7654    5.2572    5.0291  4.8749   1.3738   1.882   0.50824   0.0023002   0.032476   0.038867   0.026357  0.0042589   
  1.767    7.1522    5.7757    5.2665    5.0386  4.8846   1.3765   1.8857   0.50925   0.0022728   0.032169   0.038535   0.026127  0.004221   
  1.734    7.1648    5.7858    5.2756    5.0479  4.8942   1.379   1.8892   0.5102   0.0022466   0.031871   0.038213   0.025905  0.0041841   
  1.703    7.177    5.7957    5.2845    5.057  4.9035   1.3814   1.8925   0.51111   0.0022214   0.031583   0.037899   0.025688  0.0041482   
  1.671    7.1889    5.8053    5.2933    5.066  4.9127   1.3836   1.8956   0.51197   0.0021974   0.031305   0.037595   0.025477  0.0041133   
  1.641    7.2003    5.8146    5.3019    5.0747  4.9217   1.3856   1.8984   0.51278   0.0021744   0.031036   0.0373   0.025273  0.0040795   
  1.611    7.2113    5.8237    5.3102    5.0832  4.9304   1.3875   1.9011   0.51354   0.0021524   0.030777   0.037014   0.025075  0.0040466   
  1.581    7.2219    5.8326    5.3183    5.0916  4.939   1.3893   1.9036   0.51426   0.0021315   0.030527   0.036738   0.024883  0.0040149   
  1.552    7.2321    5.8412    5.3263    5.0997  4.9473   1.3909   1.9058   0.51492   0.0021115   0.030286   0.03647   0.024698  0.0039841   
  1.524    7.2419    5.8496    5.334    5.1076  4.9555   1.3924   1.9079   0.51554   0.0020925   0.030054   0.036211   0.024518  0.0039543   
  1.496    7.2514    5.8577    5.3415    5.1153  4.9634   1.3937   1.9099   0.51612   0.0020744   0.02983   0.035961   0.024344  0.0039255   
  1.469    7.2605    5.8655    5.3488    5.1228  4.9711   1.3949   1.9116   0.51666   0.0020572   0.029616   0.03572   0.024177  0.0038977   
  1.442    7.2691    5.8731    5.356    5.1301  4.9786   1.396   1.9132   0.51715   0.0020408   0.029409   0.035487   0.024015  0.0038708   
  1.415    7.2775    5.8805    5.3628    5.1372  4.986   1.397   1.9146   0.51761   0.0020251   0.029211   0.035262   0.023859  0.0038449   
  1.389    7.2855    5.8876    5.3695    5.1441  4.993   1.3979   1.9159   0.51803   0.0020103   0.02902   0.035046   0.023708  0.0038199   
  1.364    7.2931    5.8944    5.376    5.1508  4.9999   1.3987   1.9171   0.51841   0.0019961   0.028837   0.034837   0.023563  0.0037958   
  1.339    7.3005    5.9011    5.3823    5.1573  5.0066   1.3994   1.9181   0.51876   0.0019827   0.028661   0.034635   0.023422  0.0037725   
  1.314    7.3075    5.9075    5.3884    5.1635  5.0131   1.4   1.9191   0.51909   0.0019699   0.028492   0.034441   0.023287  0.00375   
  1.29    7.3142    5.9137    5.3943    5.1696  5.0193   1.4005   1.9199   0.51938   0.0019578   0.02833   0.034255   0.023157  0.0037284   
  1.267    7.3207    5.9197    5.4001    5.1755  5.0254   1.401   1.9206   0.51965   0.0019462   0.028174   0.034074   0.023031  0.0037076   
  1.244    7.3268    5.9255    5.4056    5.1812  5.0313   1.4014   1.9213   0.51989   0.0019351   0.028024   0.033901   0.02291  0.0036875   
  1.221    7.3328    5.9311    5.411    5.1868  5.037   1.4017   1.9218   0.52009   0.0019246   0.027881   0.033733   0.022794  0.0036681   
  1.198    7.3384    5.9364    5.4162    5.1922  5.0426   1.402   1.9223   0.52029   0.0019146   0.027743   0.033573   0.022682  0.0036495   
  1.176    7.3439    5.9416    5.4212    5.1973  5.0479   1.4022   1.9227   0.52045   0.001905   0.02761   0.033417   0.022573  0.0036315   
  1.155    7.3491    5.9467    5.4261    5.2024  5.0531   1.4024   1.923   0.52061   0.0018959   0.027483   0.033268   0.022469  0.0036142   
  1.134    7.3541    5.9515    5.4308    5.2072  5.0582   1.4026   1.9233   0.52074   0.0018872   0.02736   0.033124   0.022368  0.0035975   
  1.113    7.3589    5.9562    5.4353    5.212  5.063   1.4027   1.9235   0.52087   0.0018789   0.027242   0.032985   0.022271  0.0035813   
  1.093    7.3635    5.9607    5.4398    5.2165  5.0678   1.4028   1.9237   0.52096   0.0018709   0.027129   0.032851   0.022178  0.0035658   
  1.073    7.3679    5.9651    5.4441    5.221  5.0723   1.4029   1.9239   0.52105   0.0018632   0.02702   0.032721   0.022087  0.0035508   
  1.053    7.3722    5.9693    5.4482    5.2253  5.0768   1.4029   1.924   0.52112   0.0018559   0.026915   0.032596   0.022  0.0035363   
  1.034    7.3763    5.9734    5.4522    5.2294  5.0811   1.4029   1.9241   0.5212   0.0018489   0.026814   0.032476   0.021916  0.0035224   
  1.015    7.3803    5.9774    5.4561    5.2335  5.0852   1.4029   1.9242   0.52125   0.0018422   0.026716   0.03236   0.021835  0.0035089   
  0.9962    7.3841    5.9812    5.4599    5.2374  5.0893   1.403   1.9242   0.52129   0.0018357   0.026623   0.032247   0.021756  0.0034958   
  0.9779    7.3878    5.9849    5.4636    5.2412  5.0932   1.4029   1.9243   0.52133   0.0018294   0.026532   0.032138   0.02168  0.0034832   
  0.96    7.3914    5.9885    5.4671    5.2449  5.097   1.4029   1.9243   0.52134   0.0018234   0.026445   0.032033   0.021607  0.0034711   
  0.9424    7.3948    5.9919    5.4706    5.2484  5.1007   1.4029   1.9243   0.52137   0.0018177   0.02636   0.031932   0.021536  0.0034593   
  0.9252    7.3982    5.9953    5.4739    5.2519  5.1043   1.4029   1.9242   0.52138   0.0018121   0.026278   0.031833   0.021467  0.0034479   
  0.9082    7.4014    5.9986    5.4772    5.2553  5.1078   1.4028   1.9242   0.52138   0.0018067   0.0262   0.031738   0.0214  0.0034368   
  0.8916    7.4045    6.0017    5.4803    5.2586  5.1111   1.4028   1.9242   0.52138   0.0018015   0.026124   0.031645   0.021336  0.0034262   
  0.8753    7.4076    6.0048    5.4834    5.2618  5.1144   1.4028   1.9241   0.52138   0.0017965   0.02605   0.031556   0.021273  0.0034158   
  0.8592    7.4105    6.0078    5.4864    5.2649  5.1176   1.4027   1.9241   0.52137   0.0017916   0.025979   0.03147   0.021213  0.0034058   
  0.8435    7.4133    6.0106    5.4893    5.2679  5.1207   1.4027   1.924   0.52135   0.0017869   0.02591   0.031386   0.021154  0.0033961   
  0.8281    7.4161    6.0135    5.4921    5.2708  5.1237   1.4027   1.924   0.52134   0.0017824   0.025843   0.031304   0.021097  0.0033867   
  0.8129    7.4188    6.0162    5.4949    5.2736  5.1267   1.4026   1.9239   0.52132   0.001778   0.025778   0.031225   0.021042  0.0033775   
  0.798    7.4214    6.0188    5.4975    5.2764  5.1295   1.4026   1.9239   0.52129   0.0017737   0.025715   0.031148   0.020988  0.0033686   
  0.7834    7.4239    6.0214    5.5001    5.2791  5.1323   1.4026   1.9238   0.52126   0.0017696   0.025655   0.031074   0.020936  0.00336   
  0.769    7.4264    6.0239    5.5027    5.2817  5.135   1.4025   1.9237   0.52123   0.0017656   0.025595   0.031001   0.020885  0.0033517   
  0.755    7.4288    6.0263    5.5051    5.2843  5.1376   1.4025   1.9237   0.5212   0.0017617   0.025538   0.030931   0.020836  0.0033435   
  0.7411    7.4312    6.0287    5.5075    5.2868  5.1402   1.4025   1.9236   0.52115   0.0017579   0.025483   0.030862   0.020788  0.0033356   
  0.7276    7.4334    6.031    5.5099    5.2892  5.1427   1.4024   1.9235   0.52111   0.0017542   0.025429   0.030796   0.020742  0.0033279   
  0.7142    7.4357    6.0333    5.5122    5.2916  5.1452   1.4024   1.9235   0.52108   0.0017506   0.025376   0.030731   0.020696  0.0033204   
  0.7012    7.4378    6.0354    5.5144    5.2939  5.1476   1.4024   1.9234   0.52103   0.0017471   0.025325   0.030668   0.020652  0.0033132   
  0.6883    7.4399    6.0376    5.5166    5.2962  5.1499   1.4023   1.9233   0.52099   0.0017438   0.025275   0.030607   0.020609  0.0033061   
  0.6757    7.442    6.0397    5.5187    5.2984  5.1521   1.4023   1.9233   0.52095   0.0017405   0.025227   0.030547   0.020568  0.0032992   
  0.6633    7.444    6.0417    5.5208    5.3005  5.1544   1.4023   1.9232   0.52089   0.0017373   0.02518   0.030488   0.020527  0.0032925   
  0.6512    7.4459    6.0437    5.5228    5.3026  5.1565   1.4023   1.9231   0.52086   0.0017341   0.025134   0.030432   0.020487  0.0032859   
  0.6393    7.4478    6.0456    5.5248    5.3047  5.1586   1.4022   1.923   0.5208   0.0017311   0.025089   0.030376   0.020448  0.0032795   
  0.6276    7.4497    6.0475    5.5267    5.3067  5.1607   1.4022   1.9229   0.52075   0.0017281   0.025046   0.030322   0.020411  0.0032733   
  0.6161    7.4515    6.0493    5.5286    5.3087  5.1627   1.4022   1.9229   0.52071   0.0017253   0.025003   0.030269   0.020374  0.0032672   
  0.6048    7.4533    6.0511    5.5305    5.3106  5.1647   1.4021   1.9228   0.52065   0.0017225   0.024962   0.030218   0.020338  0.0032613   
  0.5937    7.455    6.0529    5.5323    5.3124  5.1666   1.4021   1.9227   0.52061   0.0017197   0.024922   0.030168   0.020303  0.0032555   
  0.5828    7.4567    6.0546    5.534    5.3143  5.1685   1.4021   1.9226   0.52056   0.001717   0.024882   0.030119   0.020268  0.0032498   
  0.5722    7.4583    6.0563    5.5358    5.3161  5.1703   1.4021   1.9226   0.5205   0.0017145   0.024844   0.030071   0.020235  0.0032443   
  0.5617    7.4599    6.0579    5.5375    5.3178  5.1722   1.402   1.9225   0.52045   0.0017119   0.024806   0.030024   0.020202  0.0032389   
  0.5514    7.4615    6.0595    5.5391    5.3196  5.1739   1.402   1.9224   0.52039   0.0017094   0.02477   0.029978   0.02017  0.0032337   
  0.5413    7.463    6.0611    5.5407    5.3212  5.1757   1.402   1.9223   0.52035   0.001707   0.024734   0.029934   0.020139  0.0032285   
  0.5314    7.4645    6.0626    5.5423    5.3229  5.1774   1.4019   1.9222   0.52029   0.0017047   0.024699   0.02989   0.020108  0.0032235   
  0.5217    7.466    6.0641    5.5439    5.3245  5.179   1.4019   1.9221   0.52024   0.0017024   0.024665   0.029847   0.020078  0.0032185   
  0.5121    7.4674    6.0656    5.5454    5.3261  5.1806   1.4018   1.922   0.52019   0.0017001   0.024632   0.029805   0.020049  0.0032137   
  0.5027    7.4688    6.067    5.5469    5.3276  5.1822   1.4018   1.9219   0.52012   0.001698   0.024599   0.029764   0.020021  0.003209   
  0.4935    7.4702    6.0684    5.5483    5.3292  5.1838   1.4017   1.9218   0.52008   0.0016958   0.024567   0.029724   0.019992  0.0032044   
  0.4845    7.4715    6.0698    5.5498    5.3307  5.1853   1.4017   1.9217   0.52002   0.0016937   0.024536   0.029685   0.019965  0.0031999   
  0.4756    7.4728    6.0712    5.5512    5.3321  5.1868   1.4017   1.9216   0.51996   0.0016917   0.024505   0.029646   0.019938  0.0031954   
  0.4669    7.4741    6.0725    5.5526    5.3336  5.1883   1.4016   1.9215   0.51992   0.0016897   0.024475   0.029609   0.019912  0.0031911   
  0.4584    7.4753    6.0738    5.5539    5.335  5.1898   1.4015   1.9214   0.51986   0.0016878   0.024446   0.029572   0.019886  0.0031869   
  0.45    7.4765    6.0751    5.5552    5.3363  5.1912   1.4015   1.9213   0.51981   0.0016859   0.024418   0.029536   0.019861  0.0031827   
  0.4417    7.4777    6.0763    5.5566    5.3377  5.1926   1.4014   1.9212   0.51975   0.001684   0.02439   0.0295   0.019836  0.0031786   
  0.4336    7.4789    6.0775    5.5578    5.339  5.1939   1.4014   1.9211   0.5197   0.0016822   0.024362   0.029466   0.019812  0.0031746   
  0.4257    7.48    6.0787    5.5591    5.3403  5.1953   1.4013   1.921   0.51965   0.0016805   0.024335   0.029432   0.019788  0.0031707   
  0.4179    7.4812    6.0799    5.5603    5.3416  5.1966   1.4012   1.9208   0.5196   0.0016788   0.024309   0.029399   0.019764  0.0031669   
  0.4102    7.4822    6.0811    5.5615    5.3429  5.1979   1.4012   1.9207   0.51954   0.0016771   0.024283   0.029366   0.019742  0.0031631   
  0.4027    7.4833    6.0822    5.5627    5.3441  5.1992   1.4011   1.9206   0.51949   0.0016754   0.024257   0.029334   0.019719  0.0031594   
  0.3954    7.4843    6.0833    5.5639    5.3453  5.2004   1.401   1.9205   0.51944   0.0016738   0.024233   0.029302   0.019697  0.0031558   
  0.3881    7.4854    6.0844    5.565    5.3465  5.2016   1.401   1.9204   0.51939   0.0016723   0.024208   0.029272   0.019676  0.0031522   
  0.381    7.4864    6.0855    5.5661    5.3477  5.2028   1.4009   1.9202   0.51935   0.0016707   0.024184   0.029241   0.019654  0.0031487   
  0.374    7.4873    6.0865    5.5672    5.3488  5.204   1.4008   1.9201   0.51928   0.0016692   0.024161   0.029212   0.019634  0.0031453   
  0.3672    7.4883    6.0875    5.5683    5.35  5.2052   1.4007   1.92   0.51924   0.0016678   0.024138   0.029183   0.019613  0.003142   
  0.3605    7.4892    6.0886    5.5694    5.3511  5.2063   1.4007   1.9199   0.51919   0.0016663   0.024116   0.029154   0.019593  0.0031387   
  0.3539    7.4901    6.0896    5.5704    5.3522  5.2074   1.4006   1.9197   0.51914   0.0016649   0.024093   0.029126   0.019573  0.0031354   
  0.3474    7.491    6.0905    5.5714    5.3532  5.2085   1.4005   1.9196   0.5191   0.0016635   0.024072   0.029099   0.019554  0.0031322   
  0.341    7.4919    6.0915    5.5725    5.3543  5.2096   1.4004   1.9195   0.51904   0.0016622   0.024051   0.029071   0.019535  0.0031291   
  0.3348    7.4928    6.0924    5.5734    5.3553  5.2107   1.4003   1.9193   0.51899   0.0016609   0.02403   0.029045   0.019517  0.003126   
  0.3286    7.4936    6.0934    5.5744    5.3563  5.2117   1.4002   1.9192   0.51894   0.0016596   0.024009   0.029019   0.019498  0.003123   
  0.3226    7.4944    6.0943    5.5754    5.3573  5.2127   1.4002   1.9191   0.51889   0.0016583   0.023989   0.028993   0.01948  0.0031201   
  0.3167    7.4952    6.0952    5.5763    5.3583  5.2138   1.4001   1.9189   0.51885   0.0016571   0.023969   0.028968   0.019463  0.0031172   
  0.3109    7.496    6.0961    5.5772    5.3593  5.2148   1.4   1.9188   0.51881   0.0016559   0.02395   0.028943   0.019445  0.0031143   
  0.3052    7.4968    6.0969    5.5782    5.3602  5.2157   1.3999   1.9186   0.51875   0.0016547   0.023931   0.028919   0.019428  0.0031115   
  0.2996    7.4976    6.0978    5.5791    5.3612  5.2167   1.3998   1.9185   0.51871   0.0016536   0.023912   0.028895   0.019412  0.0031087   
  0.2941    7.4983    6.0986    5.5799    5.3621  5.2176   1.3997   1.9184   0.51866   0.0016524   0.023894   0.028872   0.019395  0.003106   
  0.2888    7.499    6.0994    5.5808    5.363  5.2186   1.3996   1.9182   0.51861   0.0016513   0.023876   0.028849   0.019379  0.0031034   
  0.2835    7.4998    6.1002    5.5817    5.3639  5.2195   1.3995   1.9181   0.51857   0.0016502   0.023858   0.028826   0.019363  0.0031007   
  0.2783    7.5005    6.101    5.5825    5.3648  5.2204   1.3995   1.918   0.51852   0.0016492   0.023841   0.028804   0.019347  0.0030982   
  0.2732    7.5012    6.1018    5.5833    5.3656  5.2213   1.3994   1.9178   0.51848   0.0016481   0.023823   0.028782   0.019332  0.0030956   
  0.2682    7.5018    6.1026    5.5841    5.3665  5.2222   1.3993   1.9177   0.51843   0.0016471   0.023806   0.02876   0.019317  0.0030931   
  0.2633    7.5025    6.1033    5.5849    5.3673  5.223   1.3992   1.9176   0.51838   0.0016461   0.02379   0.028739   0.019302  0.0030906   
  0.2584    7.5032    6.1041    5.5857    5.3682  5.2239   1.3991   1.9174   0.51834   0.0016451   0.023774   0.028718   0.019287  0.0030882   
  0.2537    7.5038    6.1048    5.5865    5.369  5.2247   1.399   1.9173   0.51829   0.0016441   0.023758   0.028697   0.019273  0.0030858   
  0.2491    7.5044    6.1055    5.5873    5.3698  5.2256   1.3989   1.9171   0.51824   0.0016432   0.023742   0.028677   0.019259  0.0030835   
  0.2445    7.5051    6.1062    5.588    5.3706  5.2264   1.3988   1.917   0.51821   0.0016422   0.023726   0.028657   0.019245  0.0030812   
  0.24    7.5057    6.1069    5.5888    5.3713  5.2272   1.3987   1.9169   0.51816   0.0016413   0.023711   0.028638   0.019231  0.0030789   
  0.2356    7.5063    6.1076    5.5895    5.3721  5.228   1.3986   1.9167   0.51811   0.0016404   0.023696   0.028618   0.019217  0.0030767   
  0.2313    7.5068    6.1083    5.5902    5.3729  5.2287   1.3985   1.9166   0.51806   0.0016395   0.023681   0.028599   0.019204  0.0030744   
  0.2271    7.5074    6.109    5.591    5.3736  5.2295   1.3985   1.9165   0.51801   0.0016386   0.023667   0.02858   0.019191  0.0030723   
  0.2229    7.508    6.1096    5.5917    5.3743  5.2303   1.3984   1.9163   0.51797   0.0016378   0.023652   0.028562   0.019178  0.0030701   
  0.2188    7.5086    6.1103    5.5924    5.3751  5.231   1.3983   1.9162   0.51793   0.0016369   0.023638   0.028543   0.019165  0.003068   
  0.2148    7.5091    6.1109    5.593    5.3758  5.2318   1.3982   1.9161   0.51788   0.0016361   0.023624   0.028525   0.019152  0.0030659   
  0.2109    7.5097    6.1116    5.5937    5.3765  5.2325   1.3981   1.9159   0.51784   0.0016352   0.02361   0.028507   0.01914  0.0030638   
  0.207    7.5102    6.1122    5.5944    5.3772  5.2332   1.398   1.9158   0.5178   0.0016344   0.023597   0.02849   0.019127  0.0030618   
  0.2032    7.5107    6.1128    5.5951    5.3779  5.2339   1.3979   1.9157   0.51775   0.0016336   0.023583   0.028473   0.019115  0.0030597   
  0.1995    7.5113    6.1134    5.5957    5.3786  5.2347   1.3978   1.9156   0.51771   0.0016329   0.02357   0.028456   0.019103  0.0030577   
