 Tau[Gyrs]  u g r i z ###u-g###u-r###g-r### Luminosities{u,g,r,i,z} [Lsun]  
  50.12    9.632    8.7127    8.3978    8.2355  8.0765   0.9193   1.2342   0.31494   0.00023155   0.002151   0.0021545   0.001375  0.00022318   
  49.2    9.5969    8.6773    8.3621    8.1998  8.0407   0.91954   1.2347   0.31518   0.00023917   0.0022223   0.0022264   0.0014211  0.00023066   
  48.3    9.5618    8.642    8.3266    8.1641  8.005   0.91979   1.2352   0.31543   0.00024702   0.0022957   0.0023005   0.0014685  0.00023837   
  47.42    9.5268    8.6068    8.2911    8.1286  7.9694   0.92004   1.2357   0.31569   0.00025511   0.0023714   0.0023769   0.0015174  0.00024633   
  46.55    9.4919    8.5717    8.2557    8.0931  7.9338   0.92029   1.2362   0.31594   0.00026343   0.0024494   0.0024556   0.0015679  0.00025453   
  45.69    9.4572    8.5366    8.2204    8.0577  7.8984   0.92056   1.2368   0.3162   0.00027201   0.0025298   0.0025368   0.0016198  0.00026298   
  44.86    9.4225    8.5017    8.1852    8.0223  7.863   0.92083   1.2373   0.31648   0.00028084   0.0026125   0.0026204   0.0016734  0.00027169   
  44.04    9.3879    8.4668    8.1501    7.9871  7.8277   0.9211   1.2378   0.31674   0.00028992   0.0026977   0.0027066   0.0017286  0.00028067   
  43.23    9.3534    8.4321    8.115    7.952  7.7925   0.92138   1.2384   0.31703   0.00029928   0.0027855   0.0027953   0.0017855  0.00028992   
  42.44    9.3191    8.3974    8.0801    7.9169  7.7573   0.92166   1.239   0.31731   0.0003089   0.0028758   0.0028867   0.001844  0.00029945   
  41.66    9.2848    8.3629    8.0453    7.8819  7.7223   0.92195   1.2396   0.31761   0.00031881   0.0029688   0.0029809   0.0019044  0.00030927   
  40.9    9.2507    8.3284    8.0105    7.8471  7.6874   0.92224   1.2401   0.3179   0.00032899   0.0030645   0.0030778   0.0019665  0.00031938   
  40.15    9.2166    8.2941    7.9759    7.8123  7.6525   0.92254   1.2407   0.3182   0.00033947   0.003163   0.0031776   0.0020305  0.0003298   
  39.41    9.1827    8.2598    7.9413    7.7776  7.6178   0.92285   1.2414   0.31851   0.00035025   0.0032643   0.0032804   0.0020964  0.00034052   
  38.69    9.1489    8.2257    7.9069    7.7431  7.5832   0.92316   1.242   0.31882   0.00036133   0.0033686   0.0033861   0.0021643  0.00035156   
  37.98    9.1152    8.1917    7.8725    7.7086  7.5486   0.92348   1.2426   0.31914   0.00037272   0.0034758   0.0034949   0.0022341  0.00036293   
  37.29    9.0816    8.1578    7.8383    7.6742  7.5142   0.9238   1.2433   0.31947   0.00038443   0.003586   0.0036068   0.0023059  0.00037462   
  36.61    9.0481    8.124    7.8042    7.64  7.4798   0.92413   1.2439   0.3198   0.00039646   0.0036994   0.003722   0.0023798  0.00038666   
  35.94    9.0148    8.0903    7.7702    7.6058  7.4456   0.92448   1.2446   0.32013   0.00040883   0.003816   0.0038405   0.0024559  0.00039904   
  35.28    8.9816    8.0567    7.7363    7.5718  7.4115   0.92482   1.2453   0.32049   0.00042152   0.0039357   0.0039623   0.0025341  0.00041179   
  34.63    8.9485    8.0233    7.7025    7.5378  7.3775   0.92516   1.246   0.32084   0.00043457   0.0040588   0.0040875   0.0026146  0.00042489   
  34.0    8.9155    7.99    7.6688    7.504  7.3436   0.92552   1.2467   0.32119   0.00044796   0.0041853   0.0042163   0.0026973  0.00043837   
  33.37    8.8827    7.9568    7.6352    7.4703  7.3098   0.92589   1.2475   0.32156   0.00046171   0.0043152   0.0043486   0.0027823  0.00045223   
  32.76    8.85    7.9237    7.6018    7.4367  7.2761   0.92626   1.2482   0.32193   0.00047583   0.0044486   0.0044846   0.0028698  0.00046647   
  32.16    8.8175    7.8908    7.5685    7.4032  7.2425   0.92664   1.249   0.32232   0.00049031   0.0045856   0.0046244   0.0029596  0.00048111   
  31.57    8.785    7.858    7.5353    7.3699  7.2091   0.92704   1.2497   0.3227   0.00050516   0.0047263   0.0047679   0.0030519  0.00049616   
  31.0    8.7528    7.8253    7.5022    7.3367  7.1758   0.92742   1.2505   0.3231   0.00052041   0.0048706   0.0049153   0.0031468  0.00051162   
  30.43    8.7206    7.7928    7.4693    7.3036  7.1426   0.92783   1.2513   0.32351   0.00053603   0.0050188   0.0050667   0.0032442  0.0005275   
  29.87    8.6887    7.7604    7.4365    7.2706  7.1095   0.92825   1.2522   0.32392   0.00055205   0.0051708   0.0052222   0.0033442  0.00054382   
  29.32    8.6568    7.7282    7.4038    7.2378  7.0766   0.92867   1.253   0.32434   0.00056848   0.0053267   0.0053817   0.0034469  0.00056057   
  28.79    8.6252    7.6961    7.3713    7.205  7.0438   0.92909   1.2539   0.32477   0.00058531   0.0054865   0.0055454   0.0035524  0.00057776   
  28.26    8.5936    7.6641    7.3389    7.1725  7.0111   0.92953   1.2547   0.32521   0.00060255   0.0056504   0.0057134   0.0036605  0.00059541   
  27.74    8.5623    7.6323    7.3066    7.14  6.9786   0.92998   1.2556   0.32566   0.00062021   0.0058184   0.0058857   0.0037716  0.00061353   
  27.23    8.5311    7.6006    7.2745    7.1077  6.9462   0.93043   1.2566   0.32612   0.00063829   0.0059906   0.0060623   0.0038855  0.00063212   
  26.74    8.5    7.5691    7.2426    7.0756  6.9139   0.9309   1.2575   0.32658   0.0006568   0.0061669   0.0062435   0.0040023  0.00065118   
  26.25    8.4692    7.5378    7.2107    7.0436  6.8818   0.93136   1.2584   0.32706   0.00067575   0.0063476   0.0064292   0.004122  0.00067074   
  25.77    8.4385    7.5066    7.1791    7.0117  6.8498   0.93185   1.2594   0.32754   0.00069513   0.0065325   0.0066195   0.0042448  0.00069078   
  25.29    8.4079    7.4756    7.1475    6.98  6.818   0.93235   1.2604   0.32804   0.00071495   0.0067219   0.0068145   0.0043706  0.00071134   
  24.83    8.3776    7.4447    7.1162    6.9484  6.7863   0.93285   1.2614   0.32854   0.00073523   0.0069157   0.0070142   0.0044996  0.0007324   
  24.38    8.3474    7.414    7.085    6.917  6.7548   0.93337   1.2624   0.32906   0.00075594   0.0071139   0.0072187   0.0046317  0.00075398   
  23.93    8.3174    7.3835    7.0539    6.8857  6.7234   0.93389   1.2635   0.32958   0.00077711   0.0073167   0.007428   0.0047669  0.00077608   
  23.49    8.2876    7.3532    7.0231    6.8546  6.6922   0.93443   1.2645   0.33012   0.00079874   0.0075241   0.0076423   0.0049054  0.00079872   
  23.06    8.258    7.323    6.9924    6.8237  6.6611   0.93497   1.2656   0.33066   0.00082083   0.007736   0.0078616   0.0050472  0.00082189   
  22.64    8.2286    7.293    6.9618    6.7929  6.6302   0.93553   1.2668   0.33122   0.00084338   0.0079527   0.0080859   0.0051923  0.00084562   
  22.22    8.1993    7.2632    6.9314    6.7623  6.5995   0.9361   1.2679   0.33179   0.0008664   0.0081739   0.0083152   0.0053407  0.00086989   
  21.82    8.1703    7.2336    6.9012    6.7319  6.5689   0.93668   1.2691   0.33237   0.00088987   0.0083999   0.0085497   0.0054925  0.00089472   
  21.42    8.1415    7.2042    6.8712    6.7017  6.5386   0.93728   1.2702   0.33297   0.00091382   0.0086307   0.0087894   0.0056477  0.00092012   
  21.03    8.1129    7.175    6.8414    6.6716  6.5083   0.93788   1.2715   0.33357   0.00093823   0.0088662   0.0090342   0.0058063  0.00094608   
  20.64    8.0844    7.1459    6.8117    6.6417  6.4783   0.9385   1.2727   0.33419   0.00096311   0.0091064   0.0092843   0.0059685  0.00097262   
  20.26    8.0562    7.1171    6.7823    6.612  6.4484   0.93913   1.274   0.33482   0.00098845   0.0093515   0.0095397   0.0061341  0.00099973   
  19.89    8.0283    7.0885    6.753    6.5824  6.4188   0.93977   1.2752   0.33546   0.0010143   0.0096013   0.0098004   0.0063032  0.0010274   
  19.53    8.0005    7.0601    6.7239    6.5531  6.3893   0.94043   1.2766   0.33612   0.0010405   0.009856   0.010066   0.0064758  0.0010557   
  19.17    7.973    7.0319    6.6951    6.5239  6.36   0.9411   1.2779   0.33679   0.0010672   0.010115   0.010338   0.0066521  0.0010846   
  18.82    7.9457    7.0039    6.6664    6.495  6.3309   0.9418   1.2793   0.33747   0.0010944   0.01038   0.010614   0.0068318  0.0011141   
  18.47    7.9186    6.9761    6.6379    6.4662  6.302   0.94249   1.2807   0.33817   0.0011221   0.010648   0.010896   0.0070152  0.0011441   
  18.14    7.8917    6.9485    6.6096    6.4377  6.2733   0.94321   1.2821   0.33889   0.0011501   0.010922   0.011184   0.0072021  0.0011748   
  17.8    7.8652    6.9212    6.5816    6.4093  6.2448   0.94394   1.2836   0.33961   0.0011787   0.011201   0.011477   0.0073926  0.001206   
  17.48    7.8388    6.8941    6.5538    6.3812  6.2165   0.94469   1.285   0.34036   0.0012076   0.011484   0.011775   0.0075867  0.0012379   
  17.16    7.8127    6.8673    6.5261    6.3533  6.1884   0.94545   1.2866   0.34111   0.001237   0.011771   0.012078   0.0077844  0.0012703   
  16.84    7.7869    6.8406    6.4987    6.3256  6.1605   0.94623   1.2881   0.34189   0.0012668   0.012063   0.012387   0.0079856  0.0013034   
  16.53    7.7613    6.8142    6.4716    6.2981  6.1328   0.94702   1.2897   0.34268   0.001297   0.01236   0.012701   0.0081904  0.001337   
  16.23    7.7359    6.7881    6.4446    6.2708  6.1054   0.94783   1.2913   0.34349   0.0013276   0.012661   0.01302   0.0083987  0.0013713   
  15.93    7.7109    6.7622    6.4179    6.2438  6.0781   0.94866   1.293   0.34431   0.0013586   0.012967   0.013344   0.0086105  0.0014061   
  15.64    7.6861    6.7366    6.3914    6.2169  6.0511   0.94951   1.2947   0.34516   0.00139   0.013277   0.013673   0.0088258  0.0014415   
  15.36    7.6616    6.7112    6.3652    6.1904  6.0244   0.95038   1.2964   0.34602   0.0014217   0.013591   0.014008   0.0090445  0.0014774   
  15.08    7.6374    6.6861    6.3392    6.164  5.9978   0.95126   1.2982   0.3469   0.0014538   0.013909   0.014347   0.0092666  0.001514   
  14.8    7.6134    6.6613    6.3135    6.1379  5.9715   0.95216   1.3   0.34779   0.0014862   0.014231   0.014691   0.0094921  0.0015511   
  14.53    7.5898    6.6367    6.288    6.1121  5.9455   0.95309   1.3018   0.34871   0.001519   0.014556   0.01504   0.0097209  0.0015888   
  14.26    7.5664    6.6124    6.2627    6.0865  5.9197   0.95403   1.3037   0.34964   0.001552   0.014886   0.015394   0.0099529  0.001627   
  14.0    7.5434    6.5884    6.2378    6.0611  5.8941   0.95499   1.3056   0.3506   0.0015853   0.015219   0.015752   0.010188  0.0016658   
  13.74    7.5206    6.5646    6.2131    6.036  5.8688   0.95597   1.3075   0.35157   0.0016189   0.015555   0.016115   0.010426  0.0017051   
  13.49    7.4982    6.5412    6.1886    6.0112  5.8438   0.95698   1.3096   0.35257   0.0016527   0.015895   0.016482   0.010667  0.0017449   
  13.25    7.476    6.518    6.1644    5.9866  5.819   0.95801   1.3116   0.35359   0.0016867   0.016237   0.016853   0.010912  0.0017852   
  13.0    7.4542    6.4952    6.1406    5.9623  5.7944   0.95906   1.3137   0.35463   0.0017209   0.016582   0.017228   0.011159  0.0018259   
  12.76    7.4328    6.4726    6.117    5.9383  5.7702   0.96014   1.3158   0.35569   0.0017553   0.01693   0.017606   0.011408  0.0018672   
  12.53    7.4116    6.4504    6.0936    5.9145  5.7462   0.96123   1.318   0.35678   0.0017898   0.017281   0.017989   0.011661  0.0019089   
  12.3    7.3908    6.4285    6.0706    5.8911  5.7225   0.96236   1.3202   0.35788   0.0018244   0.017633   0.018374   0.011916  0.0019511   
  12.08    7.3704    6.4069    6.0479    5.8679  5.6991   0.9635   1.3225   0.35902   0.0018591   0.017988   0.018763   0.012173  0.0019936   
  11.86    7.3503    6.3856    6.0254    5.845  5.6759   0.96468   1.3248   0.36017   0.0018938   0.018344   0.019155   0.012432  0.0020366   
  11.64    7.3305    6.3646    6.0033    5.8224  5.6531   0.96588   1.3272   0.36136   0.0019286   0.018701   0.01955   0.012694  0.0020799   
  11.43    7.3111    6.344    5.9815    5.8001  5.6305   0.9671   1.3297   0.36256   0.0019634   0.01906   0.019947   0.012957  0.0021236   
  11.22    7.2921    6.3237    5.9599    5.7781  5.6082   0.96836   1.3322   0.3638   0.0019981   0.019419   0.020346   0.013222  0.0021676   
  11.01    7.2734    6.3038    5.9387    5.7564  5.5863   0.96964   1.3347   0.36506   0.0020327   0.019779   0.020747   0.013489  0.0022119   
  10.81    7.2552    6.2842    5.9179    5.735  5.5646   0.97095   1.3373   0.36635   0.0020672   0.020139   0.02115   0.013758  0.0022564   
  10.61    7.2373    6.265    5.8973    5.7139  5.5433   0.97229   1.34   0.36766   0.0021016   0.020499   0.021554   0.014027  0.0023012   
  10.42    7.2198    6.2461    5.8771    5.6932  5.5222   0.97366   1.3427   0.36901   0.0021357   0.020859   0.021959   0.014298  0.0023463   
  10.23    7.2027    6.2276    5.8572    5.6727  5.5015   0.97506   1.3455   0.37039   0.0021696   0.021217   0.022365   0.014569  0.0023914   
  10.04    7.1859    6.2095    5.8377    5.6526  5.4811   0.9765   1.3483   0.37179   0.0022033   0.021575   0.022771   0.014841  0.0024368   
  9.855    7.1697    6.1917    5.8185    5.6329  5.4611   0.97796   1.3512   0.37323   0.0022366   0.021931   0.023177   0.015114  0.0024822   
  9.674    7.1538    6.1743    5.7996    5.6135  5.4413   0.97947   1.3542   0.37469   0.0022696   0.022284   0.023583   0.015387  0.0025278   
  9.497    7.1383    6.1573    5.7811    5.5944  5.4219   0.98101   1.3572   0.37619   0.0023021   0.022636   0.023989   0.01566  0.0025733   
  9.323    7.1233    6.1407    5.763    5.5757  5.4029   0.98257   1.3603   0.37773   0.0023342   0.022985   0.024393   0.015932  0.0026189   
  9.152    7.1087    6.1245    5.7452    5.5573  5.3842   0.98418   1.3635   0.3793   0.0023658   0.02333   0.024795   0.016204  0.0026644   
  8.985    7.0945    6.1087    5.7278    5.5392  5.3658   0.98583   1.3667   0.38089   0.0023968   0.023673   0.025196   0.016475  0.0027098   
  8.82    7.0808    6.0933    5.7108    5.5216  5.3478   0.98751   1.37   0.38254   0.0024273   0.024011   0.025594   0.016746  0.0027551   
  8.659    7.0676    6.0783    5.6941    5.5043  5.3302   0.98923   1.3734   0.38421   0.0024571   0.024344   0.02599   0.017015  0.0028003   
  8.5    7.0548    6.0638    5.6778    5.4873  5.3129   0.991   1.3769   0.38592   0.0024863   0.024673   0.026382   0.017282  0.0028452   
  8.345    7.0424    6.0496    5.662    5.4708  5.2959   0.9928   1.3805   0.38767   0.0025147   0.024996   0.026771   0.017548  0.0028899   
  8.192    7.0306    6.0359    5.6465    5.4546  5.2794   0.99465   1.3841   0.38945   0.0025423   0.025314   0.027156   0.017811  0.0029343   
  8.042    7.0192    6.0227    5.6314    5.4388  5.2632   0.99654   1.3878   0.39128   0.002569   0.025625   0.027536   0.018072  0.0029783   
  7.894    7.0083    6.0098    5.6167    5.4234  5.2474   0.99847   1.3916   0.39316   0.0025949   0.025929   0.027911   0.01833  0.003022   
  7.75    6.9979    5.9975    5.6024    5.4084  5.232   1.0004   1.3955   0.39508   0.0026199   0.026226   0.028281   0.018586  0.0030652   
  7.608    6.988    5.9855    5.5885    5.3938  5.217   1.0025   1.3995   0.39702   0.0026439   0.026516   0.028645   0.018838  0.0031079   
  7.469    6.9786    5.9741    5.575    5.3795  5.2024   1.0046   1.4036   0.39902   0.0026669   0.026798   0.029002   0.019086  0.00315   
  7.332    6.9697    5.9631    5.562    5.3657  5.1881   1.0067   1.4077   0.40106   0.0026888   0.027071   0.029353   0.019331  0.0031916   
  7.198    6.9614    5.9525    5.5494    5.3523  5.1743   1.0089   1.412   0.40315   0.0027095   0.027335   0.029696   0.019571  0.0032325   
  7.066    6.9536    5.9425    5.5372    5.3393  5.1609   1.0111   1.4164   0.40529   0.0027292   0.027589   0.030031   0.019807  0.0032728   
  6.936    6.9463    5.9329    5.5254    5.3267  5.1478   1.0134   1.4208   0.40746   0.0027476   0.027834   0.030358   0.020038  0.0033123   
  6.809    6.9395    5.9238    5.5141    5.3145  5.1352   1.0157   1.4254   0.40969   0.0027647   0.028068   0.030677   0.020264  0.003351   
  6.685    6.9333    5.9152    5.5032    5.3028  5.123   1.0181   1.4301   0.41197   0.0027806   0.028291   0.030986   0.020484  0.0033889   
  6.562    6.9276    5.9071    5.4928    5.2915  5.1112   1.0205   1.4348   0.41429   0.0027952   0.028504   0.031285   0.020699  0.0034259   
  6.442    6.9225    5.8994    5.4828    5.2806  5.0999   1.0231   1.4397   0.41668   0.0028083   0.028704   0.031575   0.020908  0.0034619   
  6.324    6.918    5.8923    5.4732    5.2701  5.0889   1.0256   1.4447   0.4191   0.0028201   0.028893   0.031854   0.02111  0.003497   
  6.208    6.914    5.8857    5.4641    5.2601  5.0784   1.0283   1.4498   0.42159   0.0028305   0.029069   0.032122   0.021306  0.003531   
  6.095    6.9106    5.8796    5.4555    5.2505  5.0683   1.031   1.4551   0.42414   0.0028394   0.029233   0.032379   0.021495  0.003564   
  5.983    6.9078    5.874    5.4473    5.2414  5.0587   1.0337   1.4604   0.42673   0.0028467   0.029384   0.032623   0.021676  0.0035958   
  5.873    6.9055    5.869    5.4396    5.2327  5.0495   1.0365   1.4659   0.42938   0.0028526   0.029521   0.032856   0.021851  0.0036265   
  5.766    6.9039    5.8644    5.4323    5.2244  5.0407   1.0394   1.4715   0.4321   0.002857   0.029645   0.033076   0.022018  0.0036559   
  5.66    6.9028    5.8604    5.4256    5.2166  5.0323   1.0424   1.4773   0.43487   0.0028597   0.029755   0.033283   0.022177  0.0036842   
  5.557    6.9024    5.8569    5.4192    5.2092  5.0244   1.0454   1.4831   0.43769   0.0028609   0.029851   0.033478   0.022328  0.0037111   
  5.455    6.9025    5.854    5.4134    5.2023  5.0169   1.0486   1.4891   0.44057   0.0028605   0.029932   0.033658   0.02247  0.0037367   
  5.355    6.9033    5.8516    5.408    5.1959  5.0099   1.0517   1.4953   0.44353   0.0028585   0.029999   0.033825   0.022604  0.0037609   
  5.257    6.9047    5.8497    5.4031    5.1899  5.0034   1.055   1.5015   0.44655   0.0028549   0.030051   0.033978   0.022729  0.0037838   
  5.161    6.9067    5.8483    5.3987    5.1843  4.9972   1.0583   1.508   0.44963   0.0028496   0.030088   0.034117   0.022846  0.0038052   
  5.066    6.9093    5.8475    5.3947    5.1792  4.9915   1.0618   1.5145   0.45276   0.0028428   0.030111   0.034241   0.022953  0.0038252   
  4.973    6.9125    5.8472    5.3913    5.1746  4.9863   1.0653   1.5212   0.45597   0.0028343   0.030118   0.034351   0.023051  0.0038437   
  4.882    6.9164    5.8475    5.3883    5.1704  4.9815   1.0688   1.5281   0.45924   0.0028243   0.03011   0.034446   0.02314  0.0038607   
  4.793    6.9208    5.8483    5.3858    5.1667  4.9771   1.0725   1.5351   0.46258   0.0028126   0.030088   0.034526   0.02322  0.0038762   
  4.705    6.9259    5.8497    5.3837    5.1634  4.9732   1.0763   1.5422   0.46599   0.0027994   0.03005   0.034591   0.02329  0.0038902   
  4.619    6.9317    5.8516    5.3821    5.1606  4.9697   1.0801   1.5496   0.46946   0.0027847   0.029998   0.034642   0.023351  0.0039027   
  4.534    6.938    5.854    5.381    5.1582  4.9667   1.084   1.557   0.47299   0.0027684   0.029931   0.034677   0.023402  0.0039136   
  4.451    6.945    5.857    5.3804    5.1563  4.9641   1.088   1.5646   0.47661   0.0027506   0.029849   0.034697   0.023443  0.0039229   
  4.37    6.9527    5.8605    5.3802    5.1548  4.962   1.0921   1.5724   0.48029   0.0027314   0.029752   0.034703   0.023475  0.0039307   
  4.29    6.9609    5.8645    5.3805    5.1538  4.9602   1.0964   1.5804   0.48403   0.0027108   0.029642   0.034693   0.023497  0.003937   
  4.211    6.9698    5.8691    5.3813    5.1532  4.959   1.1007   1.5885   0.48785   0.0026887   0.029518   0.034669   0.02351  0.0039417   
  4.134    6.9792    5.8742    5.3825    5.153  4.9581   1.105   1.5968   0.49172   0.0026654   0.02938   0.034631   0.023514  0.0039448   
  4.058    6.9893    5.8798    5.3841    5.1533  4.9576   1.1095   1.6052   0.49567   0.0026407   0.029228   0.034578   0.023508  0.0039464   
  3.984    7.0    5.8859    5.3862    5.154  4.9576   1.1141   1.6138   0.49969   0.0026148   0.029064   0.034511   0.023493  0.0039465   
  3.911    7.0113    5.8925    5.3888    5.1551  4.958   1.1188   1.6226   0.50378   0.0025877   0.028887   0.034431   0.023469  0.0039452   
  3.84    7.0232    5.8997    5.3917    5.1566  4.9588   1.1236   1.6315   0.50792   0.0025595   0.028699   0.034336   0.023436  0.0039423   
  3.769    7.0357    5.9073    5.3951    5.1586  4.96   1.1284   1.6406   0.51214   0.0025303   0.028498   0.034229   0.023394  0.003938   
  3.7    7.0488    5.9154    5.3989    5.1609  4.9615   1.1334   1.6498   0.51641   0.0025   0.028287   0.034109   0.023344  0.0039323   
  3.632    7.0624    5.9239    5.4032    5.1636  4.9635   1.1385   1.6592   0.52076   0.0024688   0.028064   0.033977   0.023285  0.0039252   
  3.566    7.0766    5.9329    5.4078    5.1667  4.9658   1.1436   1.6688   0.52516   0.0024368   0.027832   0.033833   0.023219  0.0039168   
  3.501    7.0913    5.9424    5.4128    5.1702  4.9685   1.1489   1.6785   0.52961   0.002404   0.027591   0.033677   0.023144  0.0039071   
  3.437    7.1065    5.9523    5.4182    5.1741  4.9716   1.1542   1.6884   0.53414   0.0023705   0.02734   0.03351   0.023062  0.0038961   
  3.374    7.1223    5.9626    5.4239    5.1783  4.975   1.1597   1.6984   0.5387   0.0023363   0.027081   0.033333   0.022973  0.0038838   
  3.312    7.1385    5.9734    5.43    5.1828  4.9788   1.1652   1.7085   0.54333   0.0023016   0.026815   0.033146   0.022877  0.0038705   
  3.251    7.1553    5.9845    5.4365    5.1877  4.9828   1.1708   1.7188   0.54799   0.0022664   0.026542   0.03295   0.022775  0.003856   
  3.192    7.1725    5.996    5.4433    5.1929  4.9872   1.1765   1.7292   0.5527   0.0022308   0.026262   0.032744   0.022666  0.0038404   
  3.133    7.1901    6.0078    5.4504    5.1984  4.9919   1.1822   1.7397   0.55745   0.0021949   0.025977   0.032531   0.022551  0.0038238   
  3.076    7.2081    6.02    5.4578    5.2042  4.9969   1.1881   1.7503   0.56224   0.0021588   0.025687   0.03231   0.022431  0.0038063   
  3.019    7.2265    6.0325    5.4655    5.2103  5.0022   1.194   1.7611   0.56706   0.0021224   0.025393   0.032082   0.022306  0.0037879   
  2.964    7.2453    6.0453    5.4734    5.2167  5.0077   1.2   1.7719   0.5719   0.0020861   0.025095   0.031848   0.022176  0.0037687   
  2.91    7.2644    6.0584    5.4816    5.2233  5.0135   1.206   1.7828   0.57677   0.0020496   0.024795   0.031608   0.022041  0.0037487   
  2.857    7.2838    6.0717    5.4901    5.2301  5.0195   1.2121   1.7938   0.58165   0.0020133   0.024492   0.031363   0.021903  0.003728   
  2.804    7.3035    6.0853    5.4988    5.2372  5.0257   1.2182   1.8048   0.58654   0.0019771   0.024188   0.031113   0.021761  0.0037066   
  2.753    7.3235    6.0991    5.5076    5.2444  5.0322   1.2244   1.8159   0.59143   0.0019411   0.023884   0.03086   0.021615  0.0036847   
  2.703    7.3436    6.113    5.5167    5.2519  5.0388   1.2306   1.827   0.59634   0.0019054   0.023578   0.030604   0.021468  0.0036622   
  2.653    7.364    6.1271    5.5259    5.2595  5.0456   1.2369   1.8381   0.60122   0.0018701   0.023274   0.030345   0.021317  0.0036393   
  2.604    7.3845    6.1414    5.5353    5.2673  5.0526   1.2431   1.8492   0.60609   0.0018351   0.022971   0.030084   0.021165  0.003616   
  2.557    7.4051    6.1557    5.5448    5.2752  5.0597   1.2493   1.8603   0.61094   0.0018006   0.022669   0.029822   0.021011  0.0035924   
  2.51    7.4257    6.1702    5.5544    5.2833  5.067   1.2556   1.8713   0.61575   0.0017667   0.02237   0.029559   0.020855  0.0035684   
  2.464    7.4464    6.1846    5.5641    5.2914  5.0743   1.2618   1.8823   0.62054   0.0017333   0.022073   0.029296   0.020699  0.0035443   
  2.419    7.4671    6.1992    5.5739    5.2997  5.0818   1.268   1.8933   0.62528   0.0017006   0.02178   0.029033   0.020543  0.0035201   
  2.375    7.4878    6.2137    5.5837    5.308  5.0893   1.2741   1.9041   0.62997   0.0016685   0.021491   0.028772   0.020386  0.0034957   
  2.331    7.5084    6.2282    5.5936    5.3164  5.0969   1.2802   1.9148   0.63458   0.0016372   0.021206   0.028511   0.020229  0.0034713   
  2.288    7.5288    6.2426    5.6035    5.3248  5.1046   1.2862   1.9254   0.63915   0.0016066   0.020926   0.028253   0.020073  0.0034469   
  2.246    7.5492    6.257    5.6133    5.3332  5.1123   1.2922   1.9358   0.64364   0.0015768   0.020651   0.027997   0.019917  0.0034225   
  2.205    7.5693    6.2712    5.6232    5.3417  5.12   1.2981   1.9461   0.64804   0.0015478   0.020381   0.027744   0.019763  0.0033983   
  2.165    7.5892    6.2854    5.633    5.3501  5.1277   1.3038   1.9562   0.65236   0.0015197   0.020117   0.027494   0.01961  0.0033742   
  2.125    7.6089    6.2994    5.6428    5.3586  5.1354   1.3095   1.9661   0.65658   0.0014924   0.019859   0.027247   0.019458  0.0033504   
  2.086    7.6283    6.3132    5.6525    5.3669  5.1431   1.315   1.9757   0.6607   0.001466   0.019608   0.027005   0.019309  0.0033267   
  2.048    7.6473    6.3269    5.6621    5.3753  5.1508   1.3205   1.9852   0.66472   0.0014405   0.019363   0.026766   0.019161  0.0033034   
  2.011    7.666    6.3403    5.6717    5.3836  5.1584   1.3257   1.9944   0.66863   0.0014159   0.019125   0.026533   0.019016  0.0032803   
  1.974    7.6844    6.3535    5.6811    5.3917  5.1659   1.3309   2.0033   0.67242   0.0013922   0.018894   0.026303   0.018873  0.0032576   
  1.938    7.7023    6.3665    5.6904    5.3999  5.1734   1.3358   2.0119   0.67608   0.0013694   0.01867   0.026079   0.018732  0.0032352   
  1.902    7.7198    6.3792    5.6996    5.4079  5.1808   1.3406   2.0202   0.67962   0.0013475   0.018452   0.02586   0.018595  0.0032133   
  1.867    7.7369    6.3916    5.7086    5.4158  5.1881   1.3452   2.0283   0.68304   0.0013265   0.018242   0.025646   0.01846  0.0031918   
  1.833    7.7534    6.4038    5.7174    5.4236  5.1953   1.3497   2.036   0.68634   0.0013064   0.018039   0.025438   0.018328  0.0031706   
  1.8    7.7696    6.4156    5.7261    5.4312  5.2024   1.354   2.0435   0.68949   0.0012871   0.017843   0.025235   0.018199  0.00315   
  1.767    7.7852    6.4272    5.7346    5.4388  5.2094   1.358   2.0506   0.69253   0.0012687   0.017655   0.025038   0.018073  0.0031298   
  1.734    7.8003    6.4384    5.743    5.4461  5.2162   1.3619   2.0574   0.69542   0.0012512   0.017473   0.024846   0.01795  0.0031101   
  1.703    7.815    6.4493    5.7512    5.4534  5.223   1.3656   2.0638   0.69817   0.0012344   0.017298   0.02466   0.017831  0.0030909   
  1.671    7.8291    6.4599    5.7591    5.4605  5.2296   1.3692   2.07   0.7008   0.0012185   0.01713   0.024479   0.017715  0.0030721   
  1.641    7.8427    6.4702    5.7669    5.4674  5.236   1.3725   2.0758   0.70329   0.0012033   0.016968   0.024304   0.017602  0.0030539   
  1.611    7.8558    6.4802    5.7745    5.4742  5.2424   1.3756   2.0813   0.70566   0.0011888   0.016813   0.024134   0.017492  0.0030361   
  1.581    7.8684    6.4898    5.7819    5.4809  5.2486   1.3786   2.0865   0.7079   0.0011751   0.016664   0.02397   0.017386  0.0030188   
  1.552    7.8806    6.4992    5.7891    5.4873  5.2546   1.3814   2.0914   0.71002   0.0011621   0.016522   0.023812   0.017282  0.0030021   
  1.524    7.8922    6.5082    5.7962    5.4937  5.2605   1.384   2.096   0.71202   0.0011497   0.016385   0.023659   0.017182  0.0029858   
  1.496    7.9033    6.5169    5.803    5.4998  5.2663   1.3865   2.1004   0.7139   0.0011379   0.016255   0.02351   0.017085  0.00297   
  1.469    7.914    6.5253    5.8096    5.5058  5.2719   1.3887   2.1044   0.71566   0.0011268   0.016129   0.023367   0.016991  0.0029546   
  1.442    7.9242    6.5334    5.8161    5.5116  5.2774   1.3909   2.1082   0.71732   0.0011162   0.016009   0.023229   0.0169  0.0029398   
  1.415    7.934    6.5412    5.8223    5.5173  5.2827   1.3928   2.1117   0.71888   0.0011062   0.015895   0.023096   0.016811  0.0029253   
  1.389    7.9434    6.5487    5.8284    5.5229  5.2879   1.3947   2.115   0.72033   0.0010967   0.015785   0.022967   0.016726  0.0029114   
  1.364    7.9523    6.556    5.8343    5.5283  5.293   1.3964   2.1181   0.7217   0.0010877   0.01568   0.022842   0.016643  0.0028978   
  1.339    7.9609    6.563    5.84    5.5335  5.2979   1.3979   2.1209   0.72297   0.0010792   0.015579   0.022722   0.016563  0.0028847   
  1.314    7.9691    6.5697    5.8455    5.5386  5.3027   1.3994   2.1235   0.72416   0.0010711   0.015482   0.022606   0.016486  0.002872   
  1.29    7.9769    6.5762    5.8509    5.5435  5.3074   1.4007   2.126   0.72527   0.0010634   0.01539   0.022494   0.016411  0.0028597   
  1.267    7.9844    6.5825    5.8562    5.5483  5.3119   1.4019   2.1282   0.7263   0.0010561   0.015302   0.022386   0.016338  0.0028478   
  1.244    7.9916    6.5885    5.8612    5.553  5.3163   1.4031   2.1303   0.72727   0.0010491   0.015217   0.022282   0.016268  0.0028362   
  1.221    7.9984    6.5943    5.8662    5.5576  5.3206   1.4041   2.1323   0.72817   0.0010425   0.015135   0.022181   0.016199  0.002825   
  1.198    8.005    6.6    5.871    5.562  5.3248   1.4051   2.1341   0.729   0.0010362   0.015057   0.022083   0.016134  0.0028141   
  1.176    8.0113    6.6054    5.8756    5.5663  5.3289   1.4059   2.1357   0.72978   0.0010302   0.014982   0.021989   0.01607  0.0028036   
  1.155    8.0174    6.6106    5.8801    5.5705  5.3329   1.4067   2.1372   0.73051   0.0010245   0.01491   0.021898   0.016008  0.0027933   
  1.134    8.0232    6.6157    5.8845    5.5746  5.3367   1.4075   2.1387   0.73118   0.001019   0.01484   0.021809   0.015947  0.0027834   
  1.113    8.0287    6.6206    5.8888    5.5786  5.3405   1.4082   2.14   0.73182   0.0010138   0.014774   0.021724   0.015889  0.0027737   
  1.093    8.0341    6.6253    5.8929    5.5825  5.3442   1.4088   2.1412   0.73241   0.0010088   0.014709   0.021641   0.015832  0.0027644   
  1.073    8.0393    6.6299    5.897    5.5862  5.3478   1.4093   2.1423   0.73296   0.001004   0.014647   0.02156   0.015777  0.0027552   
  1.053    8.0443    6.6344    5.9009    5.5899  5.3513   1.4099   2.1433   0.73347   0.00099942   0.014587   0.021482   0.015724  0.0027463   
  1.034    8.049    6.6387    5.9048    5.5935  5.3547   1.4103   2.1443   0.73395   0.00099502   0.014529   0.021407   0.015672  0.0027377   
  1.015    8.0537    6.6429    5.9085    5.5971  5.358   1.4108   2.1452   0.7344   0.00099078   0.014473   0.021333   0.015621  0.0027293   
  0.9962    8.0581    6.647    5.9121    5.6005  5.3613   1.4112   2.146   0.73483   0.00098671   0.014419   0.021261   0.015572  0.0027211   
  0.9779    8.0625    6.6509    5.9157    5.6038  5.3645   1.4115   2.1468   0.73522   0.00098279   0.014367   0.021192   0.015524  0.0027132   
  0.96    8.0666    6.6548    5.9192    5.6071  5.3676   1.4119   2.1475   0.73559   0.00097902   0.014316   0.021124   0.015477  0.0027054   
  0.9424    8.0707    6.6585    5.9226    5.6103  5.3706   1.4122   2.1481   0.73594   0.00097536   0.014266   0.021058   0.015431  0.0026978   
  0.9252    8.0746    6.6622    5.9259    5.6135  5.3736   1.4125   2.1487   0.73626   0.00097184   0.014219   0.020994   0.015387  0.0026904   
  0.9082    8.0784    6.6657    5.9291    5.6165  5.3766   1.4127   2.1493   0.73657   0.00096845   0.014172   0.020931   0.015343  0.0026831   
  0.8916    8.0821    6.6692    5.9323    5.6195  5.3794   1.4129   2.1498   0.73686   0.00096516   0.014127   0.02087   0.015301  0.0026761   
  0.8753    8.0857    6.6726    5.9354    5.6225  5.3822   1.4132   2.1503   0.73713   0.00096198   0.014083   0.02081   0.015259  0.0026691   
  0.8592    8.0892    6.6759    5.9385    5.6254  5.385   1.4133   2.1507   0.73738   0.00095889   0.01404   0.020752   0.015219  0.0026624   
  0.8435    8.0926    6.6791    5.9415    5.6282  5.3877   1.4135   2.1511   0.73762   0.00095591   0.013999   0.020695   0.015179  0.0026558   
  0.8281    8.0959    6.6822    5.9444    5.631  5.3903   1.4137   2.1515   0.73784   0.00095301   0.013958   0.020639   0.01514  0.0026493   
  0.8129    8.0991    6.6853    5.9472    5.6337  5.393   1.4138   2.1518   0.73805   0.0009502   0.013919   0.020585   0.015102  0.0026429   
  0.798    8.1022    6.6883    5.9501    5.6364  5.3955   1.4139   2.1521   0.73825   0.00094748   0.01388   0.020532   0.015065  0.0026367   
  0.7834    8.1052    6.6912    5.9528    5.639  5.398   1.414   2.1524   0.73843   0.00094482   0.013843   0.02048   0.015029  0.0026306   
  0.769    8.1082    6.6941    5.9555    5.6416  5.4005   1.4141   2.1527   0.7386   0.00094225   0.013806   0.020429   0.014993  0.0026246   
  0.755    8.1111    6.6969    5.9582    5.6442  5.4029   1.4142   2.1529   0.73876   0.00093976   0.013771   0.020379   0.014958  0.0026187   
  0.7411    8.1139    6.6997    5.9608    5.6467  5.4053   1.4142   2.1531   0.73891   0.00093733   0.013736   0.02033   0.014923  0.002613   
  0.7276    8.1166    6.7024    5.9633    5.6491  5.4077   1.4142   2.1533   0.73904   0.00093497   0.013701   0.020282   0.01489  0.0026073   
  0.7142    8.1193    6.705    5.9659    5.6515  5.41   1.4143   2.1534   0.73917   0.00093267   0.013668   0.020235   0.014857  0.0026017   
  0.7012    8.1219    6.7076    5.9683    5.6539  5.4123   1.4143   2.1536   0.73929   0.00093044   0.013636   0.020189   0.014824  0.0025963   
  0.6883    8.1244    6.7102    5.9708    5.6562  5.4145   1.4143   2.1537   0.7394   0.00092827   0.013604   0.020144   0.014792  0.0025909   
  0.6757    8.1269    6.7126    5.9732    5.6585  5.4167   1.4143   2.1538   0.73949   0.00092615   0.013573   0.0201   0.014761  0.0025857   
  0.6633    8.1293    6.7151    5.9755    5.6608  5.4189   1.4142   2.1538   0.73958   0.0009241   0.013542   0.020056   0.01473  0.0025805   
  0.6512    8.1317    6.7175    5.9778    5.663  5.421   1.4142   2.1539   0.73966   0.0009221   0.013513   0.020014   0.0147  0.0025754   
  0.6393    8.134    6.7198    5.9801    5.6652  5.4232   1.4142   2.1539   0.73973   0.00092016   0.013483   0.019972   0.01467  0.0025704   
  0.6276    8.1362    6.7221    5.9823    5.6674  5.4252   1.4141   2.1539   0.7398   0.00091826   0.013455   0.019931   0.014641  0.0025655   
  0.6161    8.1384    6.7243    5.9845    5.6695  5.4273   1.414   2.1539   0.73985   0.00091642   0.013427   0.019891   0.014613  0.0025607   
  0.6048    8.1405    6.7266    5.9867    5.6716  5.4293   1.414   2.1539   0.7399   0.00091463   0.0134   0.019851   0.014585  0.0025559   
  0.5937    8.1426    6.7287    5.9888    5.6736  5.4313   1.4139   2.1538   0.73994   0.00091289   0.013373   0.019813   0.014557  0.0025512   
  0.5828    8.1446    6.7308    5.9909    5.6757  5.4332   1.4138   2.1537   0.73997   0.00091119   0.013347   0.019775   0.01453  0.0025466   
  0.5722    8.1466    6.7329    5.9929    5.6777  5.4352   1.4137   2.1537   0.74   0.00090954   0.013322   0.019737   0.014503  0.0025421   
  0.5617    8.1485    6.7349    5.9949    5.6796  5.4371   1.4136   2.1536   0.74002   0.00090793   0.013297   0.019701   0.014477  0.0025377   
  0.5514    8.1504    6.7369    5.9969    5.6815  5.4389   1.4134   2.1535   0.74003   0.00090637   0.013272   0.019665   0.014452  0.0025333   
  0.5413    8.1522    6.7389    5.9988    5.6834  5.4408   1.4133   2.1533   0.74004   0.00090485   0.013249   0.01963   0.014426  0.002529   
  0.5314    8.154    6.7408    6.0008    5.6853  5.4426   1.4132   2.1532   0.74004   0.00090338   0.013225   0.019595   0.014402  0.0025248   
  0.5217    8.1557    6.7427    6.0026    5.6871  5.4444   1.413   2.1531   0.74004   0.00090194   0.013203   0.019561   0.014377  0.0025207   
  0.5121    8.1574    6.7445    6.0045    5.6889  5.4461   1.4129   2.1529   0.74003   0.00090055   0.01318   0.019528   0.014354  0.0025166   
  0.5027    8.159    6.7463    6.0063    5.6907  5.4479   1.4127   2.1527   0.74002   0.00089919   0.013158   0.019496   0.01433  0.0025126   
  0.4935    8.1606    6.7481    6.0081    5.6924  5.4496   1.4125   2.1525   0.74   0.00089788   0.013137   0.019464   0.014307  0.0025087   
  0.4845    8.1621    6.7498    6.0098    5.6941  5.4512   1.4124   2.1523   0.73998   0.0008966   0.013116   0.019433   0.014285  0.0025048   
  0.4756    8.1636    6.7515    6.0115    5.6958  5.4529   1.4122   2.1521   0.73995   0.00089536   0.013096   0.019402   0.014263  0.002501   
  0.4669    8.1651    6.7531    6.0132    5.6975  5.4545   1.412   2.1519   0.73992   0.00089416   0.013076   0.019372   0.014241  0.0024973   
  0.4584    8.1665    6.7547    6.0148    5.6991  5.4561   1.4118   2.1517   0.73989   0.00089299   0.013057   0.019343   0.01422  0.0024936   
  0.45    8.1679    6.7563    6.0164    5.7007  5.4576   1.4116   2.1515   0.73985   0.00089185   0.013038   0.019314   0.014199  0.0024901   
  0.4417    8.1692    6.7578    6.018    5.7022  5.4592   1.4114   2.1512   0.73981   0.00089075   0.01302   0.019286   0.014179  0.0024866   
  0.4336    8.1705    6.7593    6.0195    5.7037  5.4607   1.4112   2.151   0.73977   0.00088968   0.013002   0.019259   0.014159  0.0024831   
  0.4257    8.1718    6.7608    6.021    5.7052  5.4621   1.411   2.1507   0.73973   0.00088865   0.012984   0.019232   0.01414  0.0024798   
  0.4179    8.173    6.7622    6.0225    5.7067  5.4636   1.4108   2.1505   0.73968   0.00088765   0.012967   0.019206   0.014121  0.0024765   
  0.4102    8.1742    6.7636    6.024    5.7081  5.465   1.4106   2.1502   0.73963   0.00088668   0.01295   0.019181   0.014103  0.0024732   
  0.4027    8.1754    6.765    6.0254    5.7095  5.4664   1.4104   2.15   0.73958   0.00088574   0.012934   0.019156   0.014084  0.0024701   
  0.3954    8.1765    6.7663    6.0268    5.7108  5.4677   1.4102   2.1497   0.73953   0.00088484   0.012918   0.019131   0.014067  0.002467   
  0.3881    8.1775    6.7676    6.0281    5.7122  5.4691   1.41   2.1494   0.73948   0.00088396   0.012903   0.019108   0.01405  0.002464   
  0.381    8.1786    6.7688    6.0294    5.7135  5.4704   1.4098   2.1492   0.73942   0.00088311   0.012888   0.019085   0.014033  0.002461   
  0.374    8.1796    6.7701    6.0307    5.7147  5.4716   1.4095   2.1489   0.73937   0.00088229   0.012874   0.019062   0.014017  0.0024581   
  0.3672    8.1806    6.7712    6.0319    5.716  5.4729   1.4093   2.1486   0.73931   0.0008815   0.01286   0.01904   0.014001  0.0024553   
  0.3605    8.1815    6.7724    6.0331    5.7172  5.4741   1.4091   2.1484   0.73925   0.00088074   0.012846   0.019019   0.013985  0.0024526   
  0.3539    8.1824    6.7735    6.0343    5.7183  5.4753   1.4089   2.1481   0.7392   0.00088   0.012833   0.018998   0.01397  0.0024499   
  0.3474    8.1833    6.7746    6.0355    5.7195  5.4764   1.4087   2.1478   0.73914   0.00087929   0.01282   0.018978   0.013956  0.0024473   
  0.341    8.1841    6.7757    6.0366    5.7206  5.4776   1.4085   2.1475   0.73909   0.00087861   0.012807   0.018959   0.013941  0.0024448   
  0.3348    8.185    6.7767    6.0377    5.7216  5.4787   1.4082   2.1473   0.73903   0.00087795   0.012795   0.01894   0.013928  0.0024423   
  0.3286    8.1857    6.7777    6.0387    5.7227  5.4797   1.408   2.147   0.73898   0.00087732   0.012783   0.018921   0.013914  0.0024399   
  0.3226    8.1865    6.7787    6.0398    5.7237  5.4808   1.4078   2.1467   0.73892   0.00087671   0.012772   0.018904   0.013901  0.0024375   
  0.3167    8.1872    6.7796    6.0407    5.7247  5.4818   1.4076   2.1465   0.73887   0.00087611   0.012761   0.018886   0.013889  0.0024352   
  0.3109    8.1879    6.7805    6.0417    5.7256  5.4828   1.4074   2.1462   0.73881   0.00087555   0.01275   0.01887   0.013877  0.002433   
  0.3052    8.1886    6.7814    6.0426    5.7265  5.4838   1.4072   2.1459   0.73876   0.00087501   0.01274   0.018854   0.013865  0.0024309   
  0.2996    8.1892    6.7823    6.0435    5.7274  5.4847   1.407   2.1457   0.73871   0.00087449   0.01273   0.018838   0.013854  0.0024288   
  0.2941    8.1899    6.7831    6.0444    5.7283  5.4856   1.4068   2.1454   0.73866   0.00087399   0.01272   0.018823   0.013843  0.0024268   
  0.2888    8.1905    6.7839    6.0453    5.7291  5.4865   1.4066   2.1452   0.73861   0.00087351   0.012711   0.018808   0.013832  0.0024248   
  0.2835    8.191    6.7846    6.0461    5.7299  5.4873   1.4064   2.1449   0.73857   0.00087306   0.012702   0.018794   0.013822  0.0024229   
  0.2783    8.1916    6.7854    6.0469    5.7307  5.4882   1.4062   2.1447   0.73852   0.00087262   0.012693   0.018781   0.013812  0.002421   
  0.2732    8.1921    6.7861    6.0476    5.7315  5.489   1.406   2.1445   0.73848   0.0008722   0.012685   0.018767   0.013802  0.0024193   
  0.2682    8.1926    6.7868    6.0483    5.7322  5.4897   1.4058   2.1442   0.73844   0.0008718   0.012677   0.018755   0.013793  0.0024175   
  0.2633    8.1931    6.7874    6.049    5.7329  5.4905   1.4056   2.144   0.73839   0.00087141   0.012669   0.018743   0.013784  0.0024158   
  0.2584    8.1935    6.7881    6.0497    5.7335  5.4912   1.4054   2.1438   0.73836   0.00087105   0.012662   0.018731   0.013776  0.0024142   
  0.2537    8.194    6.7887    6.0504    5.7342  5.4919   1.4053   2.1436   0.73832   0.0008707   0.012654   0.01872   0.013768  0.0024126   
  0.2491    8.1944    6.7893    6.051    5.7348  5.4926   1.4051   2.1434   0.73828   0.00087037   0.012648   0.018709   0.01376  0.0024111   
  0.2445    8.1948    6.7899    6.0516    5.7354  5.4933   1.4049   2.1431   0.73825   0.00087005   0.012641   0.018698   0.013752  0.0024097   
  0.24    8.1951    6.7904    6.0522    5.736  5.4939   1.4047   2.1429   0.73821   0.00086975   0.012635   0.018688   0.013745  0.0024082   
  0.2356    8.1955    6.7909    6.0528    5.7365  5.4945   1.4046   2.1427   0.73818   0.00086946   0.012628   0.018679   0.013738  0.0024069   
  0.2313    8.1958    6.7914    6.0533    5.7371  5.4951   1.4044   2.1426   0.73815   0.00086919   0.012623   0.018669   0.013731  0.0024055   
  0.2271    8.1962    6.7919    6.0538    5.7376  5.4957   1.4042   2.1424   0.73812   0.00086892   0.012617   0.018661   0.013725  0.0024043   
  0.2229    8.1965    6.7924    6.0543    5.7381  5.4963   1.4041   2.1422   0.73809   0.00086867   0.012611   0.018652   0.013719  0.002403   
  0.2188    8.1968    6.7928    6.0548    5.7385  5.4968   1.4039   2.142   0.73807   0.00086843   0.012606   0.018644   0.013713  0.0024018   
  0.2148    8.1971    6.7933    6.0552    5.739  5.4973   1.4038   2.1418   0.73804   0.00086821   0.012601   0.018636   0.013707  0.0024007   
  0.2109    8.1973    6.7937    6.0557    5.7394  5.4978   1.4036   2.1417   0.73802   0.00086799   0.012596   0.018629   0.013701  0.0023995   
  0.207    8.1976    6.7941    6.0561    5.7398  5.4983   1.4035   2.1415   0.73799   0.00086779   0.012592   0.018621   0.013696  0.0023985   
  0.2032    8.1978    6.7945    6.0565    5.7402  5.4988   1.4034   2.1413   0.73797   0.0008676   0.012587   0.018614   0.013691  0.0023974   
  0.1995    8.1981    6.7948    6.0569    5.7406  5.4993   1.4032   2.1412   0.73795   0.00086742   0.012583   0.018608   0.013686  0.0023964   
