 Tau[Gyrs]  u g r i z ###u-g###u-r###g-r### Luminosities{u,g,r,i,z} [Lsun]  
  50.12    9.2406    8.2914    7.9809    7.8428  7.7578   0.94923   1.2597   0.31047   0.00033206   0.0031709   0.0031629   0.0019743  0.00029932   
  49.2    9.2052    8.2557    7.9452    7.8071  7.7221   0.94945   1.26   0.31052   0.00034307   0.0032767   0.0032687   0.0020404  0.00030933   
  48.3    9.1698    8.2201    7.9095    7.7714  7.6865   0.94967   1.2603   0.31059   0.00035443   0.0033859   0.0033778   0.0021085  0.00031966   
  47.42    9.1345    8.1846    7.874    7.7359  7.6509   0.94989   1.2605   0.31065   0.00036613   0.0034984   0.0034902   0.0021787  0.0003303   
  46.55    9.0994    8.1492    7.8385    7.7004  7.6154   0.95012   1.2608   0.31071   0.00037819   0.0036144   0.0036061   0.0022511  0.00034127   
  45.69    9.0643    8.1139    7.8031    7.665  7.58   0.95036   1.2611   0.31077   0.00039061   0.0037339   0.0037256   0.0023257  0.00035259   
  44.86    9.0293    8.0787    7.7678    7.6297  7.5447   0.9506   1.2614   0.31083   0.0004034   0.003857   0.0038487   0.0024025  0.00036424   
  44.04    8.9944    8.0435    7.7326    7.5945  7.5095   0.95084   1.2617   0.3109   0.00041658   0.0039839   0.0039755   0.0024817  0.00037625   
  43.23    8.9596    8.0085    7.6975    7.5593  7.4743   0.95109   1.2621   0.31097   0.00043015   0.0041146   0.0041063   0.0025633  0.00038862   
  42.44    8.9249    7.9735    7.6625    7.5243  7.4393   0.95134   1.2624   0.31103   0.00044413   0.0042493   0.0042409   0.0026474  0.00040137   
  41.66    8.8903    7.9387    7.6275    7.4893  7.4043   0.9516   1.2627   0.3111   0.00045851   0.004388   0.0043796   0.002734  0.0004145   
  40.9    8.8558    7.9039    7.5927    7.4545  7.3695   0.95187   1.263   0.31117   0.00047331   0.0045307   0.0045224   0.0028232  0.00042802   
  40.15    8.8214    7.8692    7.558    7.4197  7.3347   0.95214   1.2634   0.31124   0.00048855   0.0046778   0.0046694   0.002915  0.00044195   
  39.41    8.7871    7.8346    7.5233    7.3851  7.3001   0.95241   1.2637   0.31132   0.00050423   0.0048291   0.0048208   0.0030095  0.00045628   
  38.69    8.7529    7.8002    7.4888    7.3505  7.2655   0.95269   1.2641   0.31139   0.00052036   0.0049848   0.0049766   0.0031068  0.00047104   
  37.98    8.7188    7.7658    7.4543    7.3161  7.2311   0.95297   1.2644   0.31147   0.00053695   0.0051451   0.005137   0.003207  0.00048622   
  37.29    8.6848    7.7316    7.42    7.2817  7.1967   0.95326   1.2648   0.31155   0.00055401   0.0053101   0.0053021   0.00331  0.00050185   
  36.61    8.651    7.6974    7.3858    7.2475  7.1625   0.95355   1.2652   0.31163   0.00057156   0.0054797   0.0054719   0.0034161  0.00051793   
  35.94    8.6172    7.6634    7.3517    7.2134  7.1283   0.95386   1.2656   0.31171   0.0005896   0.0056543   0.0056466   0.0035252  0.00053448   
  35.28    8.5836    7.6294    7.3177    7.1794  7.0943   0.95417   1.2659   0.31178   0.00060815   0.0058338   0.0058262   0.0036374  0.00055149   
  34.63    8.5501    7.5956    7.2838    7.1454  7.0604   0.95447   1.2663   0.31187   0.00062721   0.0060183   0.006011   0.0037528  0.00056899   
  34.0    8.5167    7.5619    7.25    7.1116  7.0266   0.95479   1.2668   0.31196   0.00064679   0.006208   0.006201   0.0038715  0.00058699   
  33.37    8.4835    7.5283    7.2163    7.078  6.9929   0.95512   1.2672   0.31204   0.00066691   0.0064031   0.0063963   0.0039935  0.00060548   
  32.76    8.4503    7.4949    7.1827    7.0444  6.9593   0.95545   1.2676   0.31213   0.00068757   0.0066035   0.006597   0.0041188  0.0006245   
  32.16    8.4173    7.4615    7.1493    7.011  6.9259   0.95579   1.268   0.31222   0.0007088   0.0068094   0.0068034   0.0042477  0.00064404   
  31.57    8.3844    7.4283    7.116    6.9776  6.8926   0.95613   1.2684   0.31231   0.00073058   0.007021   0.0070153   0.0043801  0.00066411   
  31.0    8.3517    7.3952    7.0828    6.9444  6.8594   0.95649   1.2689   0.31241   0.00075295   0.0072383   0.0072331   0.0045161  0.00068474   
  30.43    8.3191    7.3623    7.0498    6.9114  6.8263   0.95684   1.2693   0.3125   0.00077591   0.0074614   0.0074567   0.0046557  0.00070592   
  29.87    8.2866    7.3294    7.0168    6.8784  6.7933   0.9572   1.2698   0.31259   0.00079946   0.0076905   0.0076863   0.0047992  0.00072767   
  29.32    8.2543    7.2967    6.984    6.8456  6.7605   0.95758   1.2703   0.31269   0.00082362   0.0079256   0.007922   0.0049464  0.00075   
  28.79    8.2221    7.2642    6.9514    6.8129  6.7278   0.95795   1.2707   0.31279   0.00084841   0.008167   0.008164   0.0050976  0.00077293   
  28.26    8.1901    7.2317    6.9188    6.7804  6.6953   0.95834   1.2712   0.31289   0.00087382   0.0084146   0.0084123   0.0052527  0.00079645   
  27.74    8.1582    7.1994    6.8864    6.748  6.6629   0.95873   1.2717   0.313   0.00089987   0.0086686   0.0086671   0.0054118  0.00082058   
  27.23    8.1264    7.1673    6.8542    6.7157  6.6306   0.95913   1.2722   0.31311   0.00092657   0.0089291   0.0089284   0.0055751  0.00084534   
  26.74    8.0948    7.1353    6.8221    6.6836  6.5984   0.95954   1.2728   0.31322   0.00095393   0.0091961   0.0091964   0.0057425  0.00087073   
  26.25    8.0634    7.1034    6.7901    6.6516  6.5665   0.95996   1.2733   0.31332   0.00098195   0.0094699   0.0094711   0.0059141  0.00089677   
  25.77    8.0321    7.0717    6.7583    6.6198  6.5346   0.96038   1.2738   0.31344   0.0010107   0.0097505   0.0097528   0.0060901  0.00092345   
  25.29    8.001    7.0402    6.7266    6.5881  6.5029   0.96081   1.2744   0.31355   0.00104   0.010038   0.010041   0.0062704  0.0009508   
  24.83    7.97    7.0088    6.6951    6.5566  6.4714   0.96125   1.2749   0.31367   0.0010701   0.010333   0.010337   0.0064552  0.00097882   
  24.38    7.9393    6.9776    6.6638    6.5252  6.44   0.9617   1.2755   0.31379   0.0011009   0.010634   0.01064   0.0066444  0.0010075   
  23.93    7.9086    6.9465    6.6326    6.494  6.4088   0.96216   1.2761   0.31391   0.0011324   0.010943   0.01095   0.0068382  0.0010369   
  23.49    7.8782    6.9156    6.6015    6.4629  6.3777   0.96263   1.2767   0.31404   0.0011646   0.011259   0.011268   0.0070366  0.001067   
  23.06    7.8479    6.8848    6.5707    6.432  6.3468   0.96311   1.2773   0.31416   0.0011975   0.011582   0.011593   0.0072397  0.0010978   
  22.64    7.8178    6.8542    6.5399    6.4013  6.3161   0.96359   1.2779   0.31429   0.0012312   0.011913   0.011925   0.0074475  0.0011293   
  22.22    7.7879    6.8238    6.5094    6.3708  6.2855   0.96409   1.2785   0.31442   0.0012656   0.012252   0.012265   0.00766  0.0011616   
  21.82    7.7582    6.7936    6.479    6.3404  6.2552   0.96459   1.2791   0.31455   0.0013007   0.012597   0.012613   0.0078774  0.0011945   
  21.42    7.7287    6.7635    6.4489    6.3102  6.2249   0.9651   1.2798   0.31469   0.0013366   0.012951   0.012969   0.0080997  0.0012283   
  21.03    7.6993    6.7337    6.4189    6.2801  6.1949   0.96563   1.2805   0.31483   0.0013732   0.013312   0.013332   0.0083268  0.0012627   
  20.64    7.6702    6.704    6.389    6.2503  6.165   0.96616   1.2811   0.31497   0.0014106   0.013681   0.013704   0.0085589  0.0012979   
  20.26    7.6412    6.6745    6.3594    6.2206  6.1354   0.96671   1.2818   0.31512   0.0014487   0.014058   0.014083   0.0087959  0.0013339   
  19.89    7.6124    6.6452    6.3299    6.1912  6.1059   0.96726   1.2825   0.31526   0.0014876   0.014443   0.01447   0.009038  0.0013706   
  19.53    7.5839    6.6161    6.3007    6.1619  6.0766   0.96782   1.2832   0.31541   0.0015272   0.014835   0.014866   0.0092851  0.0014081   
  19.17    7.5556    6.5871    6.2716    6.1328  6.0475   0.9684   1.284   0.31557   0.0015676   0.015236   0.015269   0.0095372  0.0014463   
  18.82    7.5274    6.5584    6.2427    6.1039  6.0186   0.96899   1.2847   0.31572   0.0016087   0.015644   0.015681   0.0097945  0.0014853   
  18.47    7.4995    6.5299    6.214    6.0752  5.9899   0.96959   1.2855   0.31588   0.0016506   0.01606   0.0161   0.010057  0.0015251   
  18.14    7.4718    6.5016    6.1856    6.0467  5.9614   0.9702   1.2862   0.31604   0.0016933   0.016485   0.016528   0.010324  0.0015657   
  17.8    7.4443    6.4735    6.1573    6.0184  5.9331   0.97082   1.287   0.31621   0.0017367   0.016917   0.016964   0.010597  0.001607   
  17.48    7.4171    6.4456    6.1293    5.9903  5.905   0.97146   1.2878   0.31638   0.0017808   0.017357   0.017408   0.010874  0.0016491   
  17.16    7.3901    6.418    6.1014    5.9625  5.8772   0.97211   1.2887   0.31655   0.0018257   0.017805   0.01786   0.011157  0.001692   
  16.84    7.3633    6.3905    6.0738    5.9349  5.8495   0.97277   1.2895   0.31672   0.0018712   0.01826   0.01832   0.011444  0.0017356   
  16.53    7.3368    6.3633    6.0464    5.9074  5.8221   0.97344   1.2903   0.3169   0.0019176   0.018724   0.018788   0.011737  0.0017801   
  16.23    7.3104    6.3363    6.0192    5.8802  5.7949   0.97413   1.2912   0.31708   0.0019646   0.019195   0.019264   0.012035  0.0018252   
  15.93    7.2844    6.3096    5.9923    5.8533  5.7679   0.97483   1.2921   0.31727   0.0020123   0.019674   0.019748   0.012337  0.0018711   
  15.64    7.2586    6.283    5.9656    5.8265  5.7412   0.97554   1.293   0.31746   0.0020607   0.020161   0.02024   0.012645  0.0019178   
  15.36    7.233    6.2568    5.9391    5.8  5.7146   0.97627   1.2939   0.31765   0.0021098   0.020655   0.02074   0.012957  0.0019652   
  15.08    7.2077    6.2307    5.9129    5.7738  5.6884   0.97701   1.2949   0.31784   0.0021595   0.021156   0.021247   0.013274  0.0020133   
  14.8    7.1827    6.2049    5.8869    5.7478  5.6624   0.97777   1.2958   0.31805   0.0022099   0.021664   0.021762   0.013596  0.0020622   
  14.53    7.1579    6.1794    5.8612    5.722  5.6366   0.97854   1.2968   0.31825   0.0022609   0.02218   0.022284   0.013923  0.0021117   
  14.26    7.1334    6.1541    5.8357    5.6965  5.6111   0.97932   1.2978   0.31846   0.0023124   0.022702   0.022813   0.014254  0.0021619   
  14.0    7.1092    6.1291    5.8104    5.6712  5.5858   0.98013   1.2988   0.31867   0.0023646   0.023232   0.023349   0.014589  0.0022128   
  13.74    7.0853    6.1043    5.7855    5.6462  5.5608   0.98095   1.2998   0.31888   0.0024173   0.023768   0.023893   0.014929  0.0022644   
  13.49    7.0616    6.0799    5.7608    5.6215  5.536   0.98178   1.3009   0.3191   0.0024705   0.02431   0.024442   0.015273  0.0023166   
  13.25    7.0383    6.0557    5.7363    5.597  5.5116   0.98263   1.302   0.31933   0.0025243   0.024858   0.024999   0.015621  0.0023694   
  13.0    7.0152    6.0317    5.7122    5.5728  5.4874   0.98349   1.3031   0.31957   0.0025785   0.025412   0.025562   0.015973  0.0024228   
  12.76    6.9924    6.0081    5.6883    5.5489  5.4634   0.98437   1.3042   0.31979   0.0026332   0.025972   0.02613   0.016329  0.0024768   
  12.53    6.97    5.9847    5.6647    5.5253  5.4398   0.98528   1.3053   0.32002   0.0026882   0.026537   0.026704   0.016688  0.0025314   
  12.3    6.9478    5.9616    5.6413    5.5019  5.4164   0.98619   1.3065   0.32027   0.0027436   0.027107   0.027284   0.017051  0.0025864   
  12.08    6.926    5.9388    5.6183    5.4789  5.3933   0.98713   1.3077   0.32052   0.0027994   0.027682   0.027869   0.017417  0.002642   
  11.86    6.9044    5.9163    5.5956    5.4561  5.3706   0.98809   1.3089   0.32077   0.0028555   0.028261   0.028459   0.017786  0.002698   
  11.64    6.8832    5.8942    5.5731    5.4336  5.3481   0.98905   1.3101   0.32103   0.0029118   0.028844   0.029053   0.018158  0.0027544   
  11.43    6.8623    5.8723    5.551    5.4115  5.3259   0.99004   1.3113   0.3213   0.0029684   0.029431   0.029652   0.018533  0.0028113   
  11.22    6.8418    5.8507    5.5292    5.3896  5.304   0.99105   1.3126   0.32156   0.0030251   0.030022   0.030254   0.01891  0.0028685   
  11.01    6.8216    5.8295    5.5076    5.3681  5.2825   0.99209   1.3139   0.32183   0.0030819   0.030615   0.03086   0.019289  0.002926   
  10.81    6.8017    5.8086    5.4865    5.3468  5.2612   0.99314   1.3152   0.32211   0.0031389   0.03121   0.031468   0.01967  0.0029838   
  10.61    6.7822    5.788    5.4656    5.3259  5.2403   0.99421   1.3166   0.32239   0.0031958   0.031808   0.032079   0.020052  0.0030419   
  10.42    6.763    5.7677    5.445    5.3053  5.2197   0.9953   1.318   0.32269   0.0032527   0.032407   0.032692   0.020436  0.0031002   
  10.23    6.7442    5.7478    5.4248    5.2851  5.1994   0.99641   1.3194   0.32298   0.0033096   0.033008   0.033307   0.020821  0.0031586   
  10.04    6.7257    5.7282    5.4049    5.2652  5.1795   0.99755   1.3208   0.32328   0.0033663   0.033609   0.033923   0.021207  0.0032171   
  9.855    6.7076    5.7089    5.3853    5.2456  5.1599   0.9987   1.3223   0.32359   0.0034229   0.03421   0.034539   0.021592  0.0032757   
  9.674    6.6899    5.69    5.3662    5.2263  5.1406   0.99989   1.3238   0.32389   0.0034792   0.03481   0.035155   0.021978  0.0033343   
  9.497    6.6726    5.6715    5.3473    5.2075  5.1217   1.0011   1.3253   0.32422   0.0035352   0.035409   0.035771   0.022364  0.0033929   
  9.323    6.6557    5.6533    5.3288    5.1889  5.1032   1.0023   1.3269   0.32454   0.0035908   0.036007   0.036386   0.022749  0.0034513   
  9.152    6.6391    5.6355    5.3107    5.1707  5.085   1.0036   1.3284   0.32487   0.003646   0.036603   0.036999   0.023133  0.0035096   
  8.985    6.6229    5.6181    5.2929    5.1529  5.0672   1.0048   1.33   0.32521   0.0037007   0.037196   0.03761   0.023516  0.0035677   
  8.82    6.6071    5.601    5.2755    5.1355  5.0497   1.0061   1.3317   0.32556   0.0037548   0.037785   0.038218   0.023897  0.0036256   
  8.659    6.5918    5.5843    5.2584    5.1184  5.0326   1.0075   1.3334   0.3259   0.0038084   0.03837   0.038822   0.024276  0.0036831   
  8.5    6.5768    5.568    5.2418    5.1017  5.0159   1.0088   1.3351   0.32626   0.0038612   0.038951   0.039423   0.024652  0.0037402   
  8.345    6.5623    5.5521    5.2255    5.0854  4.9996   1.0102   1.3368   0.32663   0.0039132   0.039526   0.040018   0.025025  0.0037969   
  8.192    6.5482    5.5366    5.2096    5.0694  4.9837   1.0116   1.3386   0.327   0.0039645   0.040095   0.040608   0.025395  0.003853   
  8.042    6.5345    5.5215    5.1941    5.0539  4.9681   1.013   1.3404   0.32737   0.0040148   0.040657   0.041192   0.025762  0.0039086   
  7.894    6.5212    5.5067    5.179    5.0388  4.9529   1.0145   1.3422   0.32776   0.0040642   0.041212   0.041769   0.026123  0.0039636   
  7.75    6.5084    5.4924    5.1643    5.024  4.9382   1.0159   1.3441   0.32815   0.0041125   0.041759   0.042339   0.026481  0.0040178   
  7.608    6.496    5.4785    5.15    5.0097  4.9238   1.0174   1.346   0.32855   0.0041597   0.042297   0.0429   0.026833  0.0040713   
  7.469    6.484    5.465    5.1361    4.9957  4.9099   1.019   1.3479   0.32896   0.0042057   0.042826   0.043453   0.027179  0.0041239   
  7.332    6.4725    5.452    5.1226    4.9822  4.8964   1.0205   1.3499   0.32938   0.0042505   0.043344   0.043995   0.02752  0.0041756   
  7.198    6.4615    5.4394    5.1095    4.9691  4.8833   1.0221   1.3519   0.32981   0.0042939   0.043851   0.044528   0.027854  0.0042263   
  7.066    6.4509    5.4271    5.0969    4.9564  4.8706   1.0238   1.354   0.33023   0.004336   0.044347   0.045049   0.028181  0.004276   
  6.936    6.4408    5.4154    5.0847    4.9442  4.8583   1.0254   1.3561   0.33067   0.0043765   0.044831   0.045558   0.028501  0.0043246   
  6.809    6.4311    5.404    5.0729    4.9324  4.8465   1.0271   1.3582   0.33112   0.0044156   0.045301   0.046055   0.028813  0.004372   
  6.685    6.422    5.3932    5.0616    4.921  4.8351   1.0288   1.3604   0.33157   0.0044531   0.045757   0.046539   0.029117  0.0044181   
  6.562    6.4133    5.3827    5.0507    4.91  4.8241   1.0306   1.3626   0.33204   0.0044889   0.0462   0.047009   0.029412  0.0044629   
  6.442    6.4051    5.3727    5.0402    4.8995  4.8136   1.0323   1.3649   0.33252   0.004523   0.046627   0.047464   0.029698  0.0045064   
  6.324    6.3973    5.3632    5.0302    4.8895  4.8035   1.0341   1.3671   0.333   0.0045553   0.047038   0.047904   0.029974  0.0045483   
  6.208    6.3901    5.3541    5.0206    4.8799  4.7939   1.036   1.3695   0.33349   0.0045858   0.047433   0.048328   0.030241  0.0045888   
  6.095    6.3833    5.3455    5.0115    4.8707  4.7847   1.0379   1.3718   0.334   0.0046143   0.047811   0.048736   0.030497  0.0046277   
  5.983    6.3771    5.3374    5.0028    4.862  4.776   1.0398   1.3743   0.33451   0.004641   0.048171   0.049126   0.030743  0.004665   
  5.873    6.3714    5.3297    4.9946    4.8537  4.7678   1.0417   1.3767   0.33502   0.0046656   0.048513   0.049499   0.030977  0.0047006   
  5.766    6.3661    5.3224    4.9869    4.8459  4.76   1.0437   1.3792   0.33555   0.0046882   0.048836   0.049853   0.0312  0.0047345   
  5.66    6.3614    5.3157    4.9796    4.8386  4.7527   1.0457   1.3817   0.33609   0.0047087   0.04914   0.050188   0.031411  0.0047665   
  5.557    6.3571    5.3094    4.9728    4.8318  4.7458   1.0477   1.3843   0.33664   0.0047271   0.049425   0.050504   0.03161  0.0047967   
  5.455    6.3534    5.3037    4.9665    4.8254  4.7394   1.0498   1.387   0.3372   0.0047433   0.049689   0.0508   0.031797  0.004825   
  5.355    6.3502    5.2984    4.9606    4.8195  4.7335   1.0519   1.3896   0.33776   0.0047573   0.049932   0.051075   0.03197  0.0048514   
  5.257    6.3475    5.2935    4.9552    4.814  4.728   1.054   1.3923   0.33833   0.0047691   0.050154   0.05133   0.032131  0.0048758   
  5.161    6.3454    5.2892    4.9503    4.8091  4.7231   1.0562   1.3951   0.33893   0.0047787   0.050355   0.051563   0.032278  0.0048982   
  5.066    6.3437    5.2853    4.9458    4.8046  4.7186   1.0583   1.3979   0.33953   0.004786   0.050534   0.051775   0.032413  0.0049185   
  4.973    6.3426    5.282    4.9418    4.8005  4.7146   1.0606   1.4007   0.34014   0.004791   0.050691   0.051965   0.032533  0.0049367   
  4.882    6.3419    5.2791    4.9383    4.797  4.711   1.0628   1.4036   0.34075   0.0047938   0.050826   0.052133   0.032639  0.0049529   
  4.793    6.3418    5.2767    4.9353    4.7939  4.7079   1.0651   1.4065   0.34138   0.0047943   0.050939   0.052279   0.032732  0.0049669   
  4.705    6.3422    5.2748    4.9328    4.7913  4.7054   1.0675   1.4095   0.34201   0.0047924   0.051029   0.052402   0.03281  0.0049788   
  4.619    6.3432    5.2733    4.9307    4.7892  4.7032   1.0698   1.4125   0.34265   0.0047884   0.051096   0.052502   0.032874  0.0049885   
  4.534    6.3446    5.2724    4.9291    4.7875  4.7016   1.0722   1.4155   0.34331   0.0047821   0.051141   0.05258   0.032925  0.004996   
  4.451    6.3465    5.2719    4.9279    4.7864  4.7004   1.0746   1.4186   0.34398   0.0047735   0.051163   0.052635   0.03296  0.0050014   
  4.37    6.349    5.2719    4.9273    4.7856  4.6997   1.0771   1.4217   0.34466   0.0047627   0.051163   0.052667   0.032982  0.0050046   
  4.29    6.3519    5.2724    4.9271    4.7854  4.6995   1.0795   1.4249   0.34535   0.0047498   0.05114   0.052677   0.032989  0.0050057   
  4.211    6.3554    5.2734    4.9273    4.7856  4.6997   1.082   1.4281   0.34604   0.0047347   0.051095   0.052664   0.032983  0.0050046   
  4.134    6.3594    5.2748    4.9281    4.7863  4.7004   1.0846   1.4313   0.34675   0.0047175   0.051027   0.052629   0.032962  0.0050014   
  4.058    6.3638    5.2767    4.9292    4.7874  4.7016   1.0871   1.4346   0.34746   0.0046982   0.050938   0.052572   0.032927  0.0049961   
  3.984    6.3687    5.279    4.9309    4.789  4.7032   1.0897   1.4379   0.34819   0.0046769   0.050828   0.052494   0.032879  0.0049886   
  3.911    6.3741    5.2819    4.9329    4.7911  4.7053   1.0923   1.4412   0.34892   0.0046537   0.050697   0.052393   0.032818  0.0049792   
  3.84    6.38    5.2851    4.9354    4.7935  4.7078   1.0949   1.4445   0.34966   0.0046287   0.050545   0.052272   0.032743  0.0049677   
  3.769    6.3863    5.2888    4.9384    4.7964  4.7107   1.0975   1.4479   0.35041   0.0046017   0.050373   0.052131   0.032656  0.0049543   
  3.7    6.3931    5.2929    4.9418    4.7998  4.7141   1.1002   1.4513   0.35118   0.0045731   0.050182   0.051969   0.032555  0.004939   
  3.632    6.4003    5.2975    4.9456    4.8035  4.7179   1.1028   1.4548   0.35194   0.0045428   0.049972   0.051788   0.032443  0.0049218   
  3.566    6.408    5.3025    4.9498    4.8077  4.7221   1.1055   1.4582   0.35272   0.0045109   0.049743   0.051588   0.032319  0.0049028   
  3.501    6.416    5.3079    4.9544    4.8123  4.7267   1.1082   1.4617   0.35349   0.0044775   0.049498   0.05137   0.032183  0.004882   
  3.437    6.4245    5.3136    4.9593    4.8172  4.7317   1.1109   1.4652   0.35428   0.0044427   0.049235   0.051134   0.032036  0.0048595   
  3.374    6.4334    5.3198    4.9647    4.8226  4.7371   1.1136   1.4686   0.35508   0.0044066   0.048956   0.050881   0.031879  0.0048355   
  3.312    6.4426    5.3263    4.9705    4.8283  4.7428   1.1163   1.4721   0.35588   0.0043693   0.048661   0.050613   0.031711  0.0048099   
  3.251    6.4522    5.3333    4.9766    4.8344  4.749   1.1189   1.4756   0.35669   0.0043308   0.048353   0.050329   0.031534  0.0047828   
  3.192    6.4622    5.3405    4.983    4.8408  4.7554   1.1216   1.4791   0.3575   0.0042913   0.04803   0.050031   0.031348  0.0047543   
  3.133    6.4724    5.3481    4.9898    4.8476  4.7623   1.1243   1.4826   0.35831   0.0042509   0.047696   0.04972   0.031154  0.0047245   
  3.076    6.483    5.356    4.9969    4.8546  4.7694   1.127   1.4861   0.35913   0.0042096   0.047349   0.049395   0.030951  0.0046935   
  3.019    6.4939    5.3643    5.0043    4.862  4.7769   1.1296   1.4896   0.35995   0.0041676   0.046991   0.049059   0.030741  0.0046614   
  2.964    6.5051    5.3728    5.012    4.8697  4.7846   1.1323   1.493   0.36077   0.004125   0.046624   0.048712   0.030524  0.0046282   
  2.91    6.5165    5.3816    5.02    4.8777  4.7927   1.1349   1.4965   0.36159   0.0040819   0.046247   0.048356   0.030301  0.0045941   
  2.857    6.5281    5.3907    5.0282    4.8859  4.801   1.1374   1.4999   0.36241   0.0040384   0.045863   0.04799   0.030072  0.0045591   
  2.804    6.5399    5.4    5.0367    4.8944  4.8095   1.14   1.5032   0.36323   0.0039946   0.045472   0.047617   0.029839  0.0045233   
  2.753    6.552    5.4095    5.0454    4.9031  4.8183   1.1425   1.5066   0.36406   0.0039505   0.045075   0.047237   0.0296  0.0044869   
  2.703    6.5642    5.4192    5.0543    4.912  4.8273   1.145   1.5099   0.36487   0.0039064   0.044672   0.04685   0.029358  0.0044498   
  2.653    6.5765    5.4291    5.0635    4.9211  4.8365   1.1474   1.5131   0.36568   0.0038622   0.044266   0.046459   0.029113  0.0044123   
  2.604    6.589    5.4392    5.0727    4.9304  4.8459   1.1498   1.5163   0.3665   0.0038181   0.043856   0.046063   0.028865  0.0043743   
  2.557    6.6016    5.4495    5.0822    4.9398  4.8554   1.1521   1.5194   0.3673   0.0037742   0.043445   0.045665   0.028615  0.004336   
  2.51    6.6142    5.4598    5.0918    4.9494  4.8651   1.1544   1.5225   0.36808   0.0037305   0.043032   0.045263   0.028364  0.0042975   
  2.464    6.6269    5.4703    5.1014    4.9591  4.8749   1.1566   1.5255   0.36888   0.0036871   0.042618   0.044861   0.028111  0.0042588   
  2.419    6.6396    5.4809    5.1112    4.9689  4.8849   1.1587   1.5284   0.36965   0.0036442   0.042205   0.044458   0.027858  0.0042201   
  2.375    6.6523    5.4915    5.1211    4.9788  4.8949   1.1608   1.5312   0.37042   0.0036017   0.041794   0.044056   0.027606  0.0041814   
  2.331    6.665    5.5022    5.131    4.9888  4.9049   1.1628   1.534   0.37118   0.0035599   0.041384   0.043655   0.027354  0.0041428   
  2.288    6.6777    5.513    5.141    4.9988  4.9151   1.1647   1.5367   0.37192   0.0035186   0.040977   0.043255   0.027103  0.0041043   
  2.246    6.6903    5.5237    5.151    5.0088  4.9252   1.1666   1.5392   0.37264   0.0034781   0.040574   0.042858   0.026854  0.004066   
  2.205    6.7028    5.5344    5.1611    5.0189  4.9354   1.1683   1.5417   0.37336   0.0034383   0.040175   0.042465   0.026606  0.0040281   
  2.165    6.7152    5.5451    5.1711    5.0289  4.9456   1.17   1.5441   0.37406   0.0033993   0.039781   0.042075   0.026361  0.0039905   
  2.125    6.7274    5.5558    5.181    5.0389  4.9557   1.1716   1.5464   0.37474   0.0033611   0.039392   0.04169   0.026119  0.0039534   
  2.086    6.7395    5.5664    5.191    5.0489  4.9659   1.1731   1.5485   0.3754   0.0033239   0.03901   0.04131   0.025881  0.0039167   
  2.048    6.7514    5.5769    5.2009    5.0588  4.9759   1.1746   1.5506   0.37605   0.0032875   0.038634   0.040936   0.025645  0.0038806   
  2.011    6.7632    5.5873    5.2107    5.0687  4.9859   1.1759   1.5526   0.37667   0.0032521   0.038265   0.040568   0.025414  0.003845   
  1.974    6.7747    5.5976    5.2204    5.0784  4.9958   1.1771   1.5544   0.37728   0.0032177   0.037903   0.040207   0.025186  0.0038101   
  1.938    6.7861    5.6078    5.23    5.0881  5.0056   1.1783   1.5561   0.37786   0.0031843   0.037549   0.039853   0.024963  0.0037758   
  1.902    6.7972    5.6179    5.2395    5.0976  5.0153   1.1793   1.5577   0.37842   0.0031519   0.037203   0.039506   0.024745  0.0037423   
  1.867    6.8081    5.6278    5.2488    5.1071  5.0249   1.1803   1.5592   0.37896   0.0031205   0.036865   0.039167   0.024531  0.0037094   
  1.833    6.8187    5.6375    5.258    5.1163  5.0343   1.1812   1.5606   0.37948   0.0030901   0.036536   0.038836   0.024322  0.0036773   
  1.8    6.829    5.6471    5.2671    5.1255  5.0436   1.182   1.5619   0.37997   0.0030608   0.036215   0.038513   0.024118  0.0036459   
  1.767    6.8391    5.6565    5.276    5.1345  5.0528   1.1827   1.5631   0.38044   0.0030325   0.035904   0.038198   0.02392  0.0036153   
  1.734    6.8489    5.6656    5.2848    5.1433  5.0618   1.1833   1.5642   0.38088   0.0030052   0.035601   0.037892   0.023726  0.0035856   
  1.703    6.8585    5.6746    5.2933    5.1519  5.0706   1.1838   1.5651   0.38131   0.002979   0.035308   0.037594   0.023538  0.0035566   
  1.671    6.8677    5.6834    5.3017    5.1604  5.0792   1.1843   1.566   0.3817   0.0029537   0.035023   0.037304   0.023355  0.0035284   
  1.641    6.8767    5.692    5.3099    5.1687  5.0877   1.1847   1.5668   0.38207   0.0029294   0.034748   0.037024   0.023178  0.0035011   
  1.611    6.8854    5.7004    5.3179    5.1768  5.0959   1.185   1.5674   0.38242   0.002906   0.034481   0.036751   0.023005  0.0034745   
  1.581    6.8938    5.7085    5.3258    5.1847  5.104   1.1853   1.568   0.38273   0.0028837   0.034223   0.036487   0.022839  0.0034488   
  1.552    6.9019    5.7164    5.3334    5.1924  5.1119   1.1855   1.5685   0.38303   0.0028622   0.033975   0.036232   0.022677  0.0034239   
  1.524    6.9097    5.7241    5.3408    5.1999  5.1196   1.1856   1.5689   0.3833   0.0028416   0.033735   0.035985   0.022521  0.0033997   
  1.496    6.9173    5.7316    5.3481    5.2072  5.1271   1.1857   1.5692   0.38355   0.0028219   0.033503   0.035746   0.022369  0.0033763   
  1.469    6.9246    5.7389    5.3551    5.2143  5.1343   1.1857   1.5695   0.38379   0.002803   0.033279   0.035515   0.022223  0.0033538   
  1.442    6.9316    5.7459    5.3619    5.2213  5.1414   1.1857   1.5697   0.38399   0.0027849   0.033064   0.035292   0.022081  0.0033319   
  1.415    6.9383    5.7527    5.3686    5.228  5.1483   1.1856   1.5698   0.38417   0.0027677   0.032857   0.035077   0.021945  0.0033108   
  1.389    6.9449    5.7593    5.375    5.2345  5.1551   1.1855   1.5698   0.38433   0.0027511   0.032658   0.03487   0.021813  0.0032903   
  1.364    6.9511    5.7657    5.3813    5.2409  5.1616   1.1854   1.5699   0.38446   0.0027353   0.032466   0.034669   0.021686  0.0032706   
  1.339    6.9571    5.7719    5.3873    5.2471  5.1679   1.1852   1.5698   0.38459   0.0027202   0.032281   0.034476   0.021563  0.0032516   
  1.314    6.9629    5.7779    5.3932    5.2531  5.1741   1.185   1.5697   0.38469   0.0027057   0.032104   0.034289   0.021444  0.0032333   
  1.29    6.9685    5.7837    5.3989    5.2589  5.18   1.1848   1.5696   0.38477   0.0026918   0.031933   0.03411   0.02133  0.0032155   
  1.267    6.9739    5.7893    5.4045    5.2645  5.1858   1.1846   1.5694   0.38483   0.0026786   0.031769   0.033936   0.021219  0.0031984   
  1.244    6.979    5.7947    5.4098    5.27  5.1914   1.1843   1.5692   0.38488   0.0026659   0.031612   0.033769   0.021113  0.0031819   
  1.221    6.984    5.7999    5.415    5.2753  5.1969   1.1841   1.569   0.3849   0.0026538   0.03146   0.033608   0.02101  0.0031659   
  1.198    6.9887    5.805    5.42    5.2804  5.2022   1.1838   1.5687   0.38491   0.0026421   0.031314   0.033453   0.020911  0.0031505   
  1.176    6.9933    5.8098    5.4249    5.2854  5.2073   1.1835   1.5684   0.38491   0.002631   0.031174   0.033303   0.020815  0.0031357   
  1.155    6.9977    5.8145    5.4296    5.2902  5.2123   1.1832   1.5681   0.38489   0.0026203   0.031039   0.033158   0.020723  0.0031213   
  1.134    7.002    5.8191    5.4342    5.2949  5.2172   1.1829   1.5678   0.38485   0.0026101   0.03091   0.033019   0.020633  0.0031074   
  1.113    7.0061    5.8235    5.4387    5.2995  5.2219   1.1826   1.5674   0.38481   0.0026003   0.030785   0.032884   0.020547  0.003094   
  1.093    7.01    5.8277    5.4429    5.3039  5.2264   1.1823   1.5671   0.38475   0.0025909   0.030665   0.032755   0.020464  0.003081   
  1.073    7.0138    5.8318    5.4471    5.3082  5.2308   1.182   1.5667   0.38467   0.0025818   0.03055   0.032629   0.020383  0.0030685   
  1.053    7.0175    5.8357    5.4512    5.3123  5.2351   1.1817   1.5663   0.38458   0.0025732   0.030439   0.032508   0.020306  0.0030564   
  1.034    7.021    5.8396    5.4551    5.3163  5.2393   1.1814   1.5659   0.38449   0.0025648   0.030332   0.032391   0.02023  0.0030447   
  1.015    7.0244    5.8432    5.4589    5.3202  5.2434   1.1811   1.5655   0.38438   0.0025568   0.030229   0.032278   0.020157  0.0030333   
  0.9962    7.0277    5.8468    5.4625    5.324  5.2473   1.1809   1.5651   0.38426   0.0025491   0.03013   0.032168   0.020087  0.0030224   
  0.9779    7.0308    5.8503    5.4661    5.3277  5.2511   1.1806   1.5647   0.38414   0.0025416   0.030035   0.032063   0.020019  0.0030117   
  0.96    7.0339    5.8536    5.4696    5.3313  5.2548   1.1803   1.5643   0.384   0.0025345   0.029943   0.03196   0.019953  0.0030015   
  0.9424    7.0369    5.8568    5.473    5.3348  5.2584   1.1801   1.5639   0.38386   0.0025276   0.029854   0.031862   0.019889  0.0029915   
  0.9252    7.0397    5.8599    5.4762    5.3382  5.262   1.1798   1.5635   0.38371   0.0025209   0.029768   0.031766   0.019827  0.0029818   
  0.9082    7.0425    5.8629    5.4794    5.3415  5.2654   1.1796   1.5631   0.38355   0.0025145   0.029686   0.031673   0.019767  0.0029724   
  0.8916    7.0452    5.8659    5.4825    5.3447  5.2687   1.1793   1.5627   0.38339   0.0025083   0.029606   0.031583   0.019709  0.0029634   
  0.8753    7.0478    5.8687    5.4855    5.3478  5.2719   1.1791   1.5623   0.38322   0.0025023   0.029529   0.031496   0.019653  0.0029545   
  0.8592    7.0503    5.8714    5.4884    5.3508  5.2751   1.1789   1.5619   0.38304   0.0024965   0.029454   0.031412   0.019598  0.002946   
  0.8435    7.0527    5.8741    5.4912    5.3538  5.2781   1.1787   1.5615   0.38286   0.0024909   0.029383   0.03133   0.019545  0.0029377   
  0.8281    7.0551    5.8766    5.494    5.3566  5.2811   1.1784   1.5611   0.38267   0.0024855   0.029313   0.031251   0.019493  0.0029296   
  0.8129    7.0574    5.8791    5.4966    5.3594  5.284   1.1783   1.5607   0.38249   0.0024803   0.029246   0.031174   0.019443  0.0029218   
  0.798    7.0596    5.8815    5.4992    5.3621  5.2869   1.1781   1.5604   0.3823   0.0024752   0.029181   0.031099   0.019395  0.0029142   
  0.7834    7.0618    5.8839    5.5018    5.3648  5.2896   1.1779   1.56   0.3821   0.0024703   0.029119   0.031027   0.019348  0.0029068   
  0.769    7.0638    5.8861    5.5042    5.3673  5.2923   1.1777   1.5596   0.3819   0.0024655   0.029058   0.030957   0.019302  0.0028996   
  0.755    7.0659    5.8883    5.5066    5.3699  5.2949   1.1775   1.5592   0.3817   0.0024609   0.028999   0.030888   0.019257  0.0028926   
  0.7411    7.0678    5.8905    5.509    5.3723  5.2975   1.1774   1.5589   0.3815   0.0024565   0.028943   0.030822   0.019214  0.0028858   
  0.7276    7.0698    5.8925    5.5112    5.3747  5.3   1.1772   1.5585   0.38128   0.0024521   0.028888   0.030758   0.019172  0.0028792   
  0.7142    7.0716    5.8945    5.5135    5.377  5.3024   1.1771   1.5582   0.38108   0.0024479   0.028834   0.030695   0.019131  0.0028728   
  0.7012    7.0734    5.8965    5.5156    5.3793  5.3048   1.177   1.5578   0.38087   0.0024439   0.028783   0.030634   0.019091  0.0028666   
  0.6883    7.0752    5.8984    5.5177    5.3815  5.3071   1.1768   1.5575   0.38066   0.0024399   0.028733   0.030575   0.019052  0.0028605   
  0.6757    7.0769    5.9002    5.5198    5.3836  5.3093   1.1767   1.5571   0.38044   0.0024361   0.028685   0.030517   0.019014  0.0028545   
  0.6633    7.0786    5.902    5.5217    5.3857  5.3115   1.1766   1.5568   0.38023   0.0024324   0.028638   0.030462   0.018978  0.0028488   
  0.6512    7.0802    5.9037    5.5237    5.3878  5.3137   1.1765   1.5565   0.38002   0.0024287   0.028592   0.030407   0.018942  0.0028432   
  0.6393    7.0817    5.9054    5.5256    5.3898  5.3157   1.1764   1.5562   0.3798   0.0024252   0.028548   0.030354   0.018907  0.0028377   
  0.6276    7.0833    5.907    5.5274    5.3917  5.3178   1.1763   1.5559   0.37959   0.0024218   0.028505   0.030303   0.018873  0.0028324   
  0.6161    7.0848    5.9086    5.5292    5.3936  5.3198   1.1762   1.5555   0.37937   0.0024185   0.028463   0.030252   0.01884  0.0028272   
  0.6048    7.0862    5.9101    5.531    5.3955  5.3217   1.1761   1.5552   0.37915   0.0024152   0.028423   0.030203   0.018808  0.0028221   
  0.5937    7.0876    5.9116    5.5327    5.3973  5.3236   1.176   1.5549   0.37894   0.0024121   0.028384   0.030156   0.018776  0.0028172   
  0.5828    7.089    5.9131    5.5344    5.3991  5.3255   1.1759   1.5546   0.37873   0.002409   0.028346   0.03011   0.018746  0.0028124   
  0.5722    7.0904    5.9145    5.536    5.4008  5.3273   1.1758   1.5544   0.37851   0.0024061   0.028309   0.030064   0.018716  0.0028077   
  0.5617    7.0917    5.9159    5.5376    5.4025  5.3291   1.1758   1.5541   0.3783   0.0024032   0.028273   0.03002   0.018687  0.0028031   
  0.5514    7.0929    5.9172    5.5391    5.4041  5.3308   1.1757   1.5538   0.37809   0.0024004   0.028238   0.029977   0.018658  0.0027986   
  0.5413    7.0942    5.9185    5.5407    5.4058  5.3325   1.1756   1.5535   0.37788   0.0023976   0.028204   0.029935   0.018631  0.0027943   
  0.5314    7.0954    5.9198    5.5421    5.4073  5.3341   1.1756   1.5532   0.37767   0.0023949   0.028171   0.029894   0.018604  0.00279   
  0.5217    7.0966    5.9211    5.5436    5.4089  5.3357   1.1755   1.553   0.37745   0.0023923   0.028139   0.029855   0.018577  0.0027859   
  0.5121    7.0977    5.9223    5.545    5.4104  5.3373   1.1755   1.5527   0.37725   0.0023898   0.028107   0.029816   0.018551  0.0027819   
  0.5027    7.0989    5.9234    5.5464    5.4119  5.3389   1.1754   1.5525   0.37703   0.0023873   0.028077   0.029778   0.018526  0.0027779   
  0.4935    7.0999    5.9246    5.5478    5.4133  5.3404   1.1754   1.5522   0.37682   0.0023849   0.028047   0.029741   0.018502  0.002774   
  0.4845    7.101    5.9257    5.5491    5.4147  5.3419   1.1753   1.552   0.37663   0.0023825   0.028019   0.029705   0.018478  0.0027702   
  0.4756    7.1021    5.9268    5.5504    5.4161  5.3433   1.1753   1.5517   0.37641   0.0023802   0.027991   0.029669   0.018454  0.0027666   
  0.4669    7.1031    5.9278    5.5516    5.4175  5.3447   1.1752   1.5515   0.37621   0.002378   0.027963   0.029634   0.018431  0.002763   
  0.4584    7.1041    5.9289    5.5529    5.4188  5.3461   1.1752   1.5512   0.37602   0.0023758   0.027936   0.029601   0.018409  0.0027594   
  0.45    7.1051    5.9299    5.5541    5.4201  5.3475   1.1752   1.551   0.37582   0.0023737   0.02791   0.029568   0.018387  0.002756   
  0.4417    7.106    5.9309    5.5553    5.4213  5.3488   1.1751   1.5508   0.37562   0.0023716   0.027885   0.029536   0.018365  0.0027526   
  0.4336    7.1069    5.9318    5.5564    5.4226  5.3501   1.1751   1.5505   0.37542   0.0023696   0.02786   0.029504   0.018345  0.0027493   
  0.4257    7.1079    5.9328    5.5576    5.4238  5.3514   1.1751   1.5503   0.37522   0.0023676   0.027837   0.029473   0.018324  0.0027461   
  0.4179    7.1087    5.9337    5.5587    5.425  5.3526   1.175   1.5501   0.37502   0.0023657   0.027813   0.029443   0.018304  0.002743   
  0.4102    7.1096    5.9346    5.5598    5.4261  5.3538   1.175   1.5499   0.37483   0.0023638   0.02779   0.029414   0.018284  0.0027399   
  0.4027    7.1105    5.9355    5.5608    5.4273  5.355   1.175   1.5496   0.37464   0.0023619   0.027768   0.029385   0.018265  0.0027369   
  0.3954    7.1113    5.9363    5.5619    5.4284  5.3562   1.175   1.5494   0.37446   0.0023601   0.027746   0.029357   0.018246  0.0027339   
  0.3881    7.1121    5.9371    5.5629    5.4295  5.3573   1.1749   1.5492   0.37427   0.0023584   0.027725   0.029329   0.018228  0.002731   
  0.381    7.1129    5.938    5.5639    5.4306  5.3585   1.1749   1.549   0.37408   0.0023567   0.027704   0.029302   0.01821  0.0027282   
  0.374    7.1136    5.9387    5.5649    5.4316  5.3596   1.1749   1.5488   0.37389   0.002355   0.027684   0.029276   0.018192  0.0027255   
  0.3672    7.1144    5.9395    5.5658    5.4327  5.3606   1.1749   1.5486   0.3737   0.0023534   0.027664   0.02925   0.018175  0.0027228   
  0.3605    7.1151    5.9403    5.5668    5.4337  5.3617   1.1749   1.5484   0.37352   0.0023518   0.027645   0.029224   0.018158  0.0027201   
  0.3539    7.1159    5.941    5.5677    5.4347  5.3627   1.1748   1.5482   0.37333   0.0023502   0.027626   0.0292   0.018141  0.0027175   
  0.3474    7.1166    5.9417    5.5686    5.4356  5.3637   1.1748   1.548   0.37316   0.0023487   0.027608   0.029175   0.018125  0.002715   
  0.341    7.1172    5.9424    5.5695    5.4366  5.3647   1.1748   1.5478   0.37298   0.0023472   0.02759   0.029152   0.018109  0.0027125   
  0.3348    7.1179    5.9431    5.5703    5.4375  5.3657   1.1748   1.5476   0.3728   0.0023458   0.027572   0.029128   0.018094  0.0027101   
  0.3286    7.1186    5.9438    5.5712    5.4384  5.3667   1.1748   1.5474   0.37262   0.0023443   0.027555   0.029105   0.018078  0.0027077   
  0.3226    7.1192    5.9445    5.572    5.4393  5.3676   1.1748   1.5472   0.37245   0.002343   0.027538   0.029083   0.018063  0.0027054   
  0.3167    7.1198    5.9451    5.5728    5.4402  5.3685   1.1747   1.547   0.37226   0.0023416   0.027522   0.029061   0.018049  0.0027031   
  0.3109    7.1205    5.9457    5.5736    5.4411  5.3694   1.1747   1.5468   0.3721   0.0023403   0.027506   0.02904   0.018034  0.0027009   
  0.3052    7.1211    5.9464    5.5744    5.4419  5.3703   1.1747   1.5466   0.37193   0.002339   0.027491   0.029019   0.01802  0.0026987   
  0.2996    7.1216    5.947    5.5752    5.4428  5.3711   1.1747   1.5464   0.37176   0.0023377   0.027475   0.028998   0.018007  0.0026965   
  0.2941    7.1222    5.9475    5.5759    5.4436  5.372   1.1747   1.5463   0.3716   0.0023365   0.027461   0.028978   0.017993  0.0026944   
  0.2888    7.1228    5.9481    5.5767    5.4444  5.3728   1.1747   1.5461   0.37143   0.0023353   0.027446   0.028958   0.01798  0.0026924   
  0.2835    7.1233    5.9487    5.5774    5.4452  5.3736   1.1746   1.5459   0.37126   0.0023341   0.027432   0.028939   0.017967  0.0026904   
  0.2783    7.1238    5.9492    5.5781    5.4459  5.3744   1.1746   1.5457   0.37109   0.002333   0.027418   0.02892   0.017954  0.0026884   
  0.2732    7.1244    5.9498    5.5788    5.4467  5.3752   1.1746   1.5455   0.37093   0.0023319   0.027405   0.028902   0.017941  0.0026865   
  0.2682    7.1249    5.9503    5.5795    5.4474  5.376   1.1746   1.5454   0.37077   0.0023308   0.027391   0.028883   0.017929  0.0026846   
  0.2633    7.1254    5.9508    5.5802    5.4481  5.3767   1.1746   1.5452   0.37062   0.0023297   0.027378   0.028866   0.017917  0.0026827   
  0.2584    7.1259    5.9513    5.5808    5.4489  5.3774   1.1746   1.545   0.37046   0.0023287   0.027366   0.028848   0.017906  0.0026809   
  0.2537    7.1263    5.9518    5.5815    5.4496  5.3782   1.1745   1.5448   0.3703   0.0023277   0.027353   0.028831   0.017894  0.0026791   
  0.2491    7.1268    5.9522    5.5821    5.4502  5.3789   1.1745   1.5447   0.37015   0.0023267   0.027342   0.028814   0.017883  0.0026774   
  0.2445    7.1272    5.9527    5.5827    5.4509  5.3796   1.1745   1.5445   0.36999   0.0023257   0.02733   0.028798   0.017872  0.0026757   
  0.24    7.1277    5.9532    5.5833    5.4516  5.3802   1.1745   1.5443   0.36985   0.0023248   0.027318   0.028782   0.017861  0.002674   
  0.2356    7.1281    5.9536    5.5839    5.4522  5.3809   1.1745   1.5442   0.36969   0.0023238   0.027307   0.028766   0.01785  0.0026724   
  0.2313    7.1285    5.9541    5.5845    5.4529  5.3816   1.1745   1.544   0.36954   0.0023229   0.027296   0.02875   0.01784  0.0026708   
  0.2271    7.1289    5.9545    5.5851    5.4535  5.3822   1.1745   1.5439   0.36938   0.002322   0.027286   0.028735   0.017829  0.0026692   
  0.2229    7.1293    5.9549    5.5857    5.4541  5.3828   1.1745   1.5437   0.36923   0.0023212   0.027275   0.02872   0.01782  0.0026677   
  0.2188    7.1297    5.9553    5.5862    5.4547  5.3834   1.1744   1.5435   0.36909   0.0023203   0.027265   0.028706   0.01781  0.0026662   
  0.2148    7.1301    5.9557    5.5868    5.4553  5.384   1.1744   1.5434   0.36894   0.0023195   0.027255   0.028691   0.0178  0.0026647   
  0.2109    7.1305    5.9561    5.5873    5.4559  5.3846   1.1744   1.5432   0.3688   0.0023187   0.027245   0.028677   0.01779  0.0026632   
  0.207    7.1309    5.9565    5.5878    5.4564  5.3852   1.1744   1.5431   0.36865   0.0023179   0.027236   0.028663   0.017781  0.0026618   
  0.2032    7.1312    5.9568    5.5883    5.457  5.3858   1.1744   1.5429   0.36851   0.0023172   0.027227   0.02865   0.017772  0.0026604   
  0.1995    7.1316    5.9572    5.5888    5.4575  5.3863   1.1744   1.5428   0.36836   0.0023164   0.027218   0.028637   0.017763  0.002659   
