 Tau[Gyrs]  u g r i z ###u-g###u-r###g-r### Luminosities{u,g,r,i,z} [Lsun]  
  50.12    10.218    9.2726    8.8745    8.6746  8.4104   0.94497   1.3431   0.39817   0.00013502   0.0012843   0.0013889   0.00091769  0.00016409   
  49.2    10.183    9.2375    8.839    8.639  8.3747   0.94528   1.3438   0.39847   0.00013943   0.0013266   0.001435   0.00094828  0.00016958   
  48.3    10.148    9.2024    8.8036    8.6035  8.3391   0.9456   1.3444   0.39877   0.00014397   0.0013702   0.0014826   0.00097982  0.00017524   
  47.42    10.113    9.1674    8.7683    8.568  8.3036   0.94592   1.345   0.39908   0.00014864   0.0014151   0.0015316   0.0010123  0.00018107   
  46.55    10.079    9.1325    8.7331    8.5327  8.2681   0.94625   1.3456   0.3994   0.00015345   0.0014613   0.001582   0.0010458  0.00018708   
  45.69    10.044    9.0977    8.698    8.4974  8.2327   0.94659   1.3463   0.39972   0.0001584   0.0015089   0.0016341   0.0010804  0.00019327   
  44.86    10.01    9.063    8.6629    8.4622  8.1974   0.94693   1.347   0.40005   0.00016349   0.0015579   0.0016876   0.0011159  0.00019966   
  44.04    9.9756    9.0284    8.628    8.4272  8.1622   0.94728   1.3477   0.40038   0.00016873   0.0016083   0.0017428   0.0011526  0.00020624   
  43.23    9.9415    8.9939    8.5931    8.3922  8.1271   0.94763   1.3484   0.40073   0.00017412   0.0016603   0.0017997   0.0011903  0.00021301   
  42.44    9.9075    8.9595    8.5584    8.3573  8.0921   0.948   1.3491   0.40107   0.00017966   0.0017137   0.0018582   0.0012292  0.00022   
  41.66    9.8736    8.9252    8.5237    8.3225  8.0572   0.94837   1.3498   0.40143   0.00018537   0.0017687   0.0019184   0.0012692  0.00022719   
  40.9    9.8397    8.891    8.4892    8.2878  8.0224   0.94875   1.3505   0.40179   0.00019123   0.0018253   0.0019805   0.0013104  0.00023459   
  40.15    9.8061    8.8569    8.4548    8.2532  7.9876   0.94913   1.3513   0.40216   0.00019725   0.0018835   0.0020443   0.0013529  0.00024222   
  39.41    9.7725    8.823    8.4204    8.2187  7.953   0.94953   1.3521   0.40254   0.00020345   0.0019433   0.00211   0.0013966  0.00025007   
  38.69    9.739    8.7891    8.3862    8.1843  7.9185   0.94993   1.3529   0.40292   0.00020981   0.0020048   0.0021776   0.0014415  0.00025815   
  37.98    9.7057    8.7554    8.3521    8.15  7.8841   0.95034   1.3537   0.40331   0.00021635   0.0020681   0.0022471   0.0014878  0.00026646   
  37.29    9.6725    8.7218    8.3181    8.1158  7.8497   0.95076   1.3545   0.40371   0.00022307   0.0021331   0.0023186   0.0015353  0.00027502   
  36.61    9.6395    8.6883    8.2842    8.0817  7.8155   0.95118   1.3553   0.40413   0.00022997   0.0021999   0.0023922   0.0015843  0.00028383   
  35.94    9.6065    8.6549    8.2504    8.0478  7.7814   0.95162   1.3562   0.40453   0.00023705   0.0022686   0.0024678   0.0016346  0.00029288   
  35.28    9.5737    8.6217    8.2167    8.0139  7.7474   0.95207   1.357   0.40495   0.00024432   0.0023392   0.0025455   0.0016864  0.0003022   
  34.63    9.5411    8.5885    8.1831    7.9802  7.7135   0.95252   1.3579   0.4054   0.00025178   0.0024116   0.0026254   0.0017396  0.00031178   
  34.0    9.5085    8.5555    8.1497    7.9466  7.6798   0.95299   1.3588   0.40584   0.00025944   0.002486   0.0027075   0.0017943  0.00032163   
  33.37    9.4761    8.5227    8.1164    7.9131  7.6461   0.95346   1.3598   0.40629   0.00026729   0.0025624   0.0027918   0.0018506  0.00033175   
  32.76    9.4439    8.49    8.0832    7.8797  7.6126   0.95394   1.3607   0.40675   0.00027535   0.0026408   0.0028785   0.0019083  0.00034216   
  32.16    9.4118    8.4574    8.0502    7.8464  7.5792   0.95443   1.3616   0.40721   0.00028361   0.0027213   0.0029674   0.0019677  0.00035286   
  31.57    9.3799    8.4249    8.0172    7.8133  7.5459   0.95494   1.3626   0.40769   0.00029208   0.0028038   0.0030588   0.0020287  0.00036385   
  31.0    9.3481    8.3926    7.9844    7.7803  7.5127   0.95545   1.3636   0.40818   0.00030076   0.0028885   0.0031526   0.0020913  0.00037514   
  30.43    9.3164    8.3605    7.9518    7.7474  7.4796   0.95598   1.3646   0.40867   0.00030965   0.0029754   0.0032489   0.0021556  0.00038673   
  29.87    9.2849    8.3284    7.9193    7.7147  7.4467   0.95651   1.3657   0.40918   0.00031877   0.0030644   0.0033477   0.0022216  0.00039863   
  29.32    9.2536    8.2966    7.8869    7.6821  7.4139   0.95705   1.3668   0.4097   0.0003281   0.0031557   0.0034491   0.0022893  0.00041085   
  28.79    9.2225    8.2648    7.8546    7.6496  7.3813   0.95762   1.3678   0.41022   0.00033765   0.0032493   0.003553   0.0023588  0.00042339   
  28.26    9.1915    8.2333    7.8225    7.6173  7.3488   0.95818   1.369   0.41077   0.00034742   0.0033451   0.0036597   0.0024301  0.00043627   
  27.74    9.1606    8.2019    7.7906    7.5851  7.3164   0.95876   1.3701   0.41132   0.00035743   0.0034432   0.003769   0.0025032  0.00044947   
  27.23    9.13    8.1706    7.7588    7.553  7.2842   0.95936   1.3712   0.41188   0.00036766   0.0035438   0.003881   0.0025782  0.00046302   
  26.74    9.0995    8.1396    7.7271    7.5211  7.2521   0.95996   1.3724   0.41246   0.00037813   0.0036467   0.0039958   0.0026551  0.00047691   
  26.25    9.0692    8.1086    7.6956    7.4894  7.2201   0.96058   1.3736   0.41304   0.00038883   0.003752   0.0041135   0.0027339  0.00049115   
  25.77    9.0391    8.0779    7.6643    7.4578  7.1883   0.96121   1.3749   0.41364   0.00039977   0.0038598   0.0042339   0.0028146  0.00050575   
  25.29    9.0092    8.0473    7.6331    7.4264  7.1567   0.96186   1.3761   0.41425   0.00041094   0.00397   0.0043573   0.0028973  0.00052071   
  24.83    8.9794    8.0169    7.6021    7.3951  7.1252   0.96252   1.3774   0.41487   0.00042235   0.0040828   0.0044836   0.002982  0.00053604   
  24.38    8.9499    7.9867    7.5712    7.3639  7.0938   0.96319   1.3787   0.41551   0.000434   0.004198   0.0046129   0.0030687  0.00055174   
  23.93    8.9205    7.9567    7.5405    7.333  7.0627   0.96388   1.38   0.41615   0.00044589   0.0043158   0.0047451   0.0031575  0.00056781   
  23.49    8.8914    7.9268    7.51    7.3022  7.0316   0.96459   1.3814   0.41681   0.00045803   0.0044361   0.0048803   0.0032483  0.00058427   
  23.06    8.8624    7.8971    7.4797    7.2716  7.0008   0.9653   1.3828   0.41749   0.00047041   0.004559   0.0050187   0.0033413  0.00060111   
  22.64    8.8337    7.8677    7.4495    7.2411  6.9701   0.96604   1.3842   0.41818   0.00048303   0.0046844   0.0051601   0.0034363  0.00061835   
  22.22    8.8052    7.8384    7.4195    7.2108  6.9396   0.96678   1.3857   0.41888   0.00049589   0.0048125   0.0053045   0.0035335  0.00063598   
  21.82    8.7769    7.8093    7.3897    7.1807  6.9092   0.96755   1.3871   0.4196   0.00050899   0.0049431   0.0054521   0.0036328  0.000654   
  21.42    8.7487    7.7804    7.3601    7.1508  6.879   0.96833   1.3887   0.42033   0.00052234   0.0050764   0.0056029   0.0037344  0.00067243   
  21.03    8.7209    7.7517    7.3307    7.1211  6.849   0.96913   1.3902   0.42108   0.00053592   0.0052123   0.0057568   0.0038381  0.00069127   
  20.64    8.6932    7.7233    7.3014    7.0915  6.8192   0.96994   1.3918   0.42184   0.00054974   0.0053507   0.0059139   0.003944  0.00071052   
  20.26    8.6658    7.695    7.2724    7.0621  6.7896   0.97078   1.3934   0.42262   0.0005638   0.0054918   0.0060742   0.0040521  0.00073017   
  19.89    8.6386    7.667    7.2436    7.033  6.7602   0.97164   1.3951   0.42342   0.0005781   0.0056355   0.0062377   0.0041625  0.00075024   
  19.53    8.6117    7.6392    7.2149    7.004  6.7309   0.9725   1.3967   0.42423   0.00059263   0.0057817   0.0064044   0.004275  0.00077073   
  19.17    8.585    7.6116    7.1865    6.9752  6.7018   0.9734   1.3985   0.42506   0.00060738   0.0059306   0.0065743   0.0043898  0.00079163   
  18.82    8.5585    7.5842    7.1583    6.9466  6.673   0.97432   1.4002   0.42591   0.00062236   0.0060819   0.0067473   0.0045069  0.00081296   
  18.47    8.5323    7.5571    7.1303    6.9183  6.6443   0.97524   1.402   0.42678   0.00063757   0.0062358   0.0069236   0.0046262  0.0008347   
  18.14    8.5064    7.5302    7.1025    6.8901  6.6159   0.9762   1.4039   0.42766   0.00065299   0.0063923   0.0071031   0.0047477  0.00085687   
  17.8    8.4807    7.5035    7.0749    6.8622  6.5876   0.97717   1.4057   0.42857   0.00066861   0.0065512   0.0072857   0.0048715  0.00087945   
  17.48    8.4553    7.4771    7.0476    6.8345  6.5596   0.97816   1.4077   0.42949   0.00068446   0.0067125   0.0074715   0.0049975  0.00090246   
  17.16    8.4301    7.4509    7.0205    6.8069  6.5318   0.97919   1.4096   0.43043   0.00070049   0.0068762   0.0076604   0.0051257  0.00092589   
  16.84    8.4052    7.425    6.9936    6.7797  6.5042   0.98022   1.4116   0.4314   0.00071673   0.0070423   0.0078524   0.0052561  0.00094973   
  16.53    8.3807    7.3994    6.967    6.7526  6.4768   0.9813   1.4137   0.43238   0.00073314   0.0072107   0.0080474   0.0053887  0.00097399   
  16.23    8.3563    7.374    6.9406    6.7258  6.4496   0.98238   1.4158   0.43339   0.00074974   0.0073814   0.0082455   0.0055235  0.00099866   
  15.93    8.3323    7.3488    6.9144    6.6992  6.4227   0.98349   1.4179   0.43442   0.00076651   0.0075542   0.0084465   0.0056604  0.0010237   
  15.64    8.3086    7.324    6.8885    6.6729  6.396   0.98464   1.4201   0.43546   0.00078343   0.0077291   0.0086505   0.0057994  0.0010492   
  15.36    8.2852    7.2994    6.8629    6.6468  6.3695   0.9858   1.4223   0.43653   0.00080051   0.0079061   0.0088573   0.0059405  0.0010751   
  15.08    8.2621    7.2751    6.8375    6.6209  6.3433   0.98699   1.4246   0.43763   0.00081774   0.0080851   0.0090669   0.0060837  0.0011014   
  14.8    8.2393    7.2511    6.8123    6.5953  6.3173   0.98821   1.427   0.43875   0.00083509   0.0082659   0.0092793   0.0062289  0.0011281   
  14.53    8.2168    7.2274    6.7875    6.57  6.2916   0.98947   1.4294   0.43989   0.00085255   0.0084485   0.0094943   0.006376  0.0011551   
  14.26    8.1947    7.2039    6.7629    6.5449  6.2661   0.99075   1.4318   0.44106   0.00087013   0.0086329   0.0097119   0.006525  0.0011825   
  14.0    8.1728    7.1808    6.7385    6.5201  6.2409   0.99205   1.4343   0.44225   0.0008878   0.0088188   0.009932   0.0066759  0.0012103   
  13.74    8.1514    7.158    6.7145    6.4955  6.2159   0.9934   1.4369   0.44347   0.00090554   0.0090062   0.010154   0.0068287  0.0012385   
  13.49    8.1302    7.1354    6.6907    6.4712  6.1912   0.99477   1.4395   0.44472   0.00092335   0.0091949   0.010379   0.0069831  0.001267   
  13.25    8.1094    7.1132    6.6672    6.4472  6.1668   0.99617   1.4422   0.446   0.00094121   0.0093849   0.010606   0.0071392  0.0012958   
  13.0    8.089    7.0914    6.6441    6.4235  6.1426   0.99761   1.4449   0.4473   0.0009591   0.0095759   0.010835   0.007297  0.001325   
  12.76    8.0689    7.0698    6.6212    6.4  6.1187   0.99908   1.4477   0.44863   0.00097701   0.009768   0.011066   0.0074562  0.0013545   
  12.53    8.0492    7.0486    6.5986    6.3769  6.0951   1.0006   1.4506   0.45   0.00099491   0.0099608   0.011298   0.0076169  0.0013842   
  12.3    8.0298    7.0277    6.5763    6.354  6.0718   1.0021   1.4535   0.45139   0.0010128   0.010154   0.011533   0.007779  0.0014143   
  12.08    8.0108    7.0071    6.5543    6.3315  6.0488   1.0037   1.4565   0.45281   0.0010306   0.010348   0.011769   0.0079423  0.0014446   
  11.86    7.9923    6.9869    6.5327    6.3092  6.026   1.0053   1.4596   0.45427   0.0010484   0.010543   0.012006   0.0081068  0.0014752   
  11.64    7.9741    6.9671    6.5113    6.2873  6.0036   1.007   1.4628   0.45576   0.0010661   0.010737   0.012244   0.0082723  0.001506   
  11.43    7.9563    6.9476    6.4903    6.2656  5.9815   1.0087   1.466   0.45728   0.0010838   0.010932   0.012483   0.0084389  0.001537   
  11.22    7.9389    6.9285    6.4696    6.2443  5.9596   1.0104   1.4693   0.45884   0.0011012   0.011126   0.012723   0.0086062  0.0015682   
  11.01    7.922    6.9097    6.4493    6.2233  5.9381   1.0122   1.4727   0.46043   0.0011186   0.01132   0.012964   0.0087743  0.0015996   
  10.81    7.9054    6.8913    6.4293    6.2026  5.9169   1.0141   1.4761   0.46206   0.0011358   0.011513   0.013205   0.0089429  0.0016312   
  10.61    7.8893    6.8734    6.4096    6.1823  5.896   1.0159   1.4797   0.46373   0.0011527   0.011705   0.013446   0.009112  0.0016629   
  10.42    7.8736    6.8557    6.3903    6.1623  5.8754   1.0179   1.4833   0.46544   0.0011695   0.011897   0.013688   0.0092815  0.0016947   
  10.23    7.8584    6.8385    6.3714    6.1426  5.8552   1.0198   1.487   0.46718   0.001186   0.012087   0.013929   0.0094512  0.0017266   
  10.04    7.8436    6.8217    6.3528    6.1233  5.8353   1.0219   1.4908   0.46896   0.0012023   0.012275   0.014169   0.0096208  0.0017585   
  9.855    7.8293    6.8053    6.3345    6.1043  5.8157   1.0239   1.4947   0.47079   0.0012183   0.012462   0.014409   0.0097904  0.0017905   
  9.674    7.8154    6.7893    6.3167    6.0857  5.7965   1.0261   1.4987   0.47266   0.0012339   0.012647   0.014648   0.0099597  0.0018225   
  9.497    7.802    6.7738    6.2992    6.0675  5.7776   1.0283   1.5028   0.47457   0.0012492   0.01283   0.014886   0.010129  0.0018544   
  9.323    7.7891    6.7586    6.2821    6.0496  5.7591   1.0305   1.507   0.47653   0.0012641   0.01301   0.015122   0.010297  0.0018863   
  9.152    7.7767    6.7439    6.2654    6.0321  5.7409   1.0328   1.5113   0.47853   0.0012787   0.013187   0.015357   0.010464  0.0019182   
  8.985    7.7648    6.7296    6.2491    6.0149  5.7231   1.0352   1.5158   0.48058   0.0012928   0.013362   0.015589   0.010631  0.0019499   
  8.82    7.7534    6.7158    6.2331    5.9981  5.7057   1.0376   1.5203   0.48267   0.0013064   0.013533   0.015819   0.010796  0.0019815   
  8.659    7.7425    6.7024    6.2176    5.9818  5.6886   1.0401   1.5249   0.48482   0.0013196   0.013701   0.016047   0.01096  0.0020129   
  8.5    7.7322    6.6895    6.2025    5.9658  5.6719   1.0426   1.5297   0.48702   0.0013322   0.013865   0.016272   0.011123  0.0020441   
  8.345    7.7224    6.6771    6.1878    5.9502  5.6556   1.0453   1.5345   0.48926   0.0013443   0.014025   0.016494   0.011284  0.0020751   
  8.192    7.7131    6.6651    6.1735    5.935  5.6396   1.048   1.5395   0.49156   0.0013559   0.01418   0.016712   0.011443  0.0021057   
  8.042    7.7043    6.6536    6.1597    5.9202  5.6241   1.0507   1.5447   0.49392   0.0013668   0.014331   0.016927   0.0116  0.0021361   
  7.894    7.6962    6.6426    6.1463    5.9058  5.6089   1.0536   1.5499   0.49633   0.0013771   0.014477   0.017137   0.011755  0.0021662   
  7.75    7.6886    6.6321    6.1333    5.8918  5.5942   1.0565   1.5553   0.4988   0.0013868   0.014618   0.017344   0.011907  0.0021958   
  7.608    7.6816    6.622    6.1207    5.8783  5.5798   1.0595   1.5609   0.50133   0.0013958   0.014754   0.017545   0.012057  0.002225   
  7.469    7.6751    6.6125    6.1086    5.8651  5.5659   1.0626   1.5665   0.50392   0.0014041   0.014884   0.017742   0.012203  0.0022538   
  7.332    7.6693    6.6035    6.0969    5.8524  5.5523   1.0658   1.5724   0.50658   0.0014117   0.015008   0.017934   0.012347  0.0022821   
  7.198    7.6641    6.595    6.0857    5.8401  5.5392   1.0691   1.5783   0.50929   0.0014185   0.015126   0.01812   0.012488  0.0023099   
  7.066    7.6595    6.5871    6.075    5.8283  5.5265   1.0724   1.5845   0.51207   0.0014245   0.015237   0.0183   0.012624  0.0023371   
  6.936    7.6555    6.5796    6.0647    5.8169  5.5142   1.0759   1.5908   0.51492   0.0014297   0.015342   0.018474   0.012758  0.0023637   
  6.809    7.6522    6.5727    6.0549    5.806  5.5023   1.0794   1.5973   0.51784   0.0014341   0.015439   0.018642   0.012887  0.0023897   
  6.685    7.6495    6.5664    6.0455    5.7954  5.4909   1.0831   1.6039   0.52083   0.0014377   0.01553   0.018803   0.013012  0.002415   
  6.562    7.6474    6.5606    6.0367    5.7854  5.4799   1.0868   1.6107   0.52389   0.0014404   0.015613   0.018957   0.013133  0.0024396   
  6.442    7.646    6.5553    6.0283    5.7758  5.4693   1.0907   1.6177   0.52702   0.0014422   0.015689   0.019104   0.01325  0.0024635   
  6.324    7.6453    6.5506    6.0204    5.7667  5.4592   1.0947   1.6249   0.53023   0.0014432   0.015757   0.019244   0.013362  0.0024866   
  6.208    7.6453    6.5465    6.013    5.758  5.4495   1.0988   1.6323   0.53352   0.0014432   0.015817   0.019375   0.013469  0.0025089   
  6.095    7.646    6.543    6.0061    5.7498  5.4402   1.103   1.6399   0.53689   0.0014423   0.015868   0.019499   0.013571  0.0025303   
  5.983    7.6474    6.54    5.9997    5.742  5.4314   1.1074   1.6477   0.54034   0.0014404   0.015912   0.019615   0.013668  0.0025509   
  5.873    7.6495    6.5376    5.9938    5.7348  5.4231   1.1119   1.6558   0.54387   0.0014376   0.015947   0.019722   0.01376  0.0025706   
  5.766    7.6523    6.5358    5.9883    5.728  5.4152   1.1165   1.664   0.54749   0.0014339   0.015973   0.01982   0.013846  0.0025893   
  5.66    7.6559    6.5346    5.9834    5.7217  5.4078   1.1213   1.6725   0.55119   0.0014292   0.015991   0.01991   0.013927  0.0026071   
  5.557    7.6602    6.534    5.9791    5.7159  5.4008   1.1262   1.6812   0.55499   0.0014235   0.016   0.019991   0.014002  0.0026239   
  5.455    7.6653    6.5341    5.9752    5.7105  5.3943   1.1312   1.6901   0.55888   0.0014169   0.015999   0.020062   0.014071  0.0026397   
  5.355    7.6711    6.5347    5.9718    5.7056  5.3882   1.1365   1.6993   0.56286   0.0014093   0.01599   0.020124   0.014134  0.0026544   
  5.257    7.6777    6.5359    5.969    5.7013  5.3826   1.1418   1.7088   0.56693   0.0014007   0.015972   0.020177   0.014191  0.0026681   
  5.161    7.6851    6.5377    5.9666    5.6974  5.3775   1.1474   1.7185   0.57111   0.0013912   0.015945   0.020221   0.014242  0.0026807   
  5.066    7.6933    6.5402    5.9648    5.694  5.3729   1.1531   1.7285   0.57538   0.0013808   0.015909   0.020254   0.014287  0.0026923   
  4.973    7.7023    6.5433    5.9635    5.6911  5.3687   1.159   1.7388   0.57976   0.0013694   0.015864   0.020278   0.014325  0.0027027   
  4.882    7.7121    6.547    5.9628    5.6887  5.3649   1.1651   1.7493   0.58424   0.0013571   0.01581   0.020293   0.014357  0.002712   
  4.793    7.7227    6.5513    5.9625    5.6867  5.3617   1.1714   1.7602   0.58883   0.0013439   0.015747   0.020297   0.014383  0.0027202   
  4.705    7.7342    6.5563    5.9628    5.6853  5.3589   1.1779   1.7714   0.59352   0.0013298   0.015675   0.020292   0.014402  0.0027272   
  4.619    7.7465    6.5619    5.9636    5.6843  5.3565   1.1846   1.7829   0.59832   0.0013148   0.015594   0.020278   0.014414  0.0027331   
  4.534    7.7596    6.5681    5.9649    5.6839  5.3547   1.1915   1.7947   0.60323   0.001299   0.015505   0.020253   0.014421  0.0027378   
  4.451    7.7736    6.575    5.9667    5.6839  5.3532   1.1986   1.8069   0.60825   0.0012824   0.015408   0.020219   0.01442  0.0027414   
  4.37    7.7884    6.5825    5.9691    5.6844  5.3523   1.206   1.8194   0.61339   0.001265   0.015302   0.020176   0.014414  0.0027438   
  4.29    7.8041    6.5906    5.9719    5.6854  5.3518   1.2136   1.8322   0.61865   0.0012468   0.015188   0.020123   0.014401  0.0027451   
  4.211    7.8207    6.5993    5.9753    5.6868  5.3517   1.2214   1.8455   0.62402   0.0012279   0.015066   0.02006   0.014382  0.0027452   
  4.134    7.8382    6.6086    5.9791    5.6887  5.3521   1.2296   1.8591   0.6295   0.0012083   0.014937   0.019989   0.014356  0.0027442   
  4.058    7.8565    6.6186    5.9835    5.6911  5.3529   1.2379   1.873   0.63511   0.0011881   0.014801   0.019909   0.014325  0.0027421   
  3.984    7.8757    6.6292    5.9883    5.694  5.3542   1.2466   1.8874   0.64083   0.0011672   0.014657   0.01982   0.014287  0.0027389   
  3.911    7.8959    6.6404    5.9937    5.6973  5.3559   1.2555   1.9022   0.64668   0.0011458   0.014507   0.019723   0.014244  0.0027346   
  3.84    7.9169    6.6521    5.9995    5.701  5.3581   1.2647   1.9174   0.65265   0.0011238   0.014351   0.019618   0.014195  0.0027293   
  3.769    7.9387    6.6645    6.0058    5.7052  5.3606   1.2742   1.933   0.65873   0.0011014   0.014188   0.019505   0.01414  0.0027228   
  3.7    7.9615    6.6775    6.0125    5.7098  5.3636   1.2841   1.949   0.66493   0.0010786   0.01402   0.019384   0.01408  0.0027154   
  3.632    7.9852    6.691    6.0197    5.7149  5.3669   1.2942   1.9655   0.67125   0.0010553   0.013846   0.019256   0.014014  0.002707   
  3.566    8.0097    6.7051    6.0274    5.7204  5.3707   1.3047   1.9824   0.67769   0.0010317   0.013668   0.019121   0.013944  0.0026976   
  3.501    8.0352    6.7197    6.0354    5.7262  5.3748   1.3155   1.9997   0.68425   0.0010078   0.013485   0.018979   0.013869  0.0026874   
  3.437    8.0615    6.7349    6.0439    5.7325  5.3794   1.3266   2.0176   0.69092   0.00098367   0.013298   0.018831   0.013789  0.0026762   
  3.374    8.0887    6.7505    6.0528    5.7392  5.3843   1.3382   2.0359   0.6977   0.00095934   0.013107   0.018677   0.013705  0.0026641   
  3.312    8.1167    6.7667    6.0621    5.7462  5.3895   1.35   2.0546   0.70459   0.00093488   0.012913   0.018518   0.013616  0.0026512   
  3.251    8.1456    6.7834    6.0718    5.7536  5.3951   1.3623   2.0738   0.71158   0.00091033   0.012717   0.018354   0.013524  0.0026376   
  3.192    8.1754    6.8005    6.0818    5.7613  5.4011   1.3749   2.0935   0.71868   0.00088574   0.012518   0.018185   0.013428  0.0026232   
  3.133    8.2059    6.8181    6.0922    5.7694  5.4073   1.3878   2.1137   0.72587   0.00086115   0.012317   0.018012   0.013329  0.0026082   
  3.076    8.2373    6.8361    6.1029    5.7777  5.4139   1.4012   2.1344   0.73315   0.00083663   0.012114   0.017835   0.013226  0.0025924   
  3.019    8.2694    6.8545    6.114    5.7864  5.4207   1.415   2.1555   0.74052   0.00081222   0.011911   0.017655   0.013121  0.0025761   
  2.964    8.3024    6.8732    6.1253    5.7954  5.4279   1.4291   2.1771   0.74796   0.00078796   0.011707   0.017472   0.013013  0.0025592   
  2.91    8.336    6.8923    6.1369    5.8046  5.4353   1.4437   2.1992   0.75548   0.00076391   0.011502   0.017286   0.012903  0.0025419   
  2.857    8.3704    6.9118    6.1487    5.8141  5.4429   1.4586   2.2217   0.76306   0.00074012   0.011298   0.017099   0.012791  0.002524   
  2.804    8.4054    6.9315    6.1608    5.8238  5.4508   1.4739   2.2446   0.7707   0.00071662   0.011095   0.01691   0.012677  0.0025057   
  2.753    8.4411    6.9515    6.1731    5.8338  5.4589   1.4896   2.268   0.77838   0.00069345   0.010893   0.016719   0.012561  0.0024871   
  2.703    8.4774    6.9716    6.1856    5.8439  5.4672   1.5057   2.2918   0.7861   0.00067065   0.010692   0.016528   0.012445  0.0024681   
  2.653    8.5142    6.992    6.1982    5.8542  5.4757   1.5222   2.316   0.79384   0.00064827   0.010493   0.016337   0.012327  0.0024489   
  2.604    8.5516    7.0126    6.211    5.8647  5.4844   1.539   2.3406   0.80159   0.00062633   0.010297   0.016146   0.012209  0.0024295   
  2.557    8.5895    7.0332    6.2239    5.8753  5.4932   1.5562   2.3656   0.80935   0.00060487   0.010102   0.015955   0.01209  0.0024098   
  2.51    8.6277    7.054    6.2369    5.886  5.5021   1.5737   2.3908   0.81709   0.00058393   0.0099112   0.015765   0.011971  0.0023901   
  2.464    8.6664    7.0748    6.25    5.8968  5.5112   1.5916   2.4164   0.82481   0.00056352   0.0097231   0.015576   0.011853  0.0023702   
  2.419    8.7053    7.0956    6.2631    5.9077  5.5204   1.6097   2.4422   0.83249   0.00054367   0.0095385   0.015389   0.011734  0.0023503   
  2.375    8.7445    7.1164    6.2763    5.9186  5.5296   1.6281   2.4682   0.84012   0.00052441   0.0093576   0.015203   0.011617  0.0023304   
  2.331    8.7838    7.1371    6.2894    5.9296  5.5389   1.6467   2.4944   0.84769   0.00050574   0.0091807   0.01502   0.0115  0.0023105   
  2.288    8.8232    7.1577    6.3026    5.9406  5.5483   1.6655   2.5207   0.85517   0.0004877   0.009008   0.01484   0.011384  0.0022907   
  2.246    8.8627    7.1782    6.3157    5.9516  5.5576   1.6845   2.5471   0.86255   0.00047029   0.0088397   0.014662   0.011269  0.0022709   
  2.205    8.9021    7.1985    6.3287    5.9626  5.567   1.7036   2.5734   0.86983   0.00045352   0.0086759   0.014487   0.011156  0.0022514   
  2.165    8.9414    7.2186    6.3416    5.9736  5.5764   1.7228   2.5998   0.87698   0.0004374   0.0085169   0.014315   0.011044  0.002232   
  2.125    8.9805    7.2385    6.3545    5.9844  5.5858   1.7421   2.6261   0.884   0.00042193   0.0083626   0.014147   0.010933  0.0022128   
  2.086    9.0193    7.258    6.3672    5.9953  5.5952   1.7613   2.6522   0.89086   0.00040711   0.0082133   0.013983   0.010825  0.0021938   
  2.048    9.0578    7.2773    6.3797    6.006  5.6045   1.7805   2.6781   0.89756   0.00039295   0.0080689   0.013822   0.010719  0.0021751   
  2.011    9.0958    7.2962    6.3921    6.0166  5.6137   1.7996   2.7037   0.90408   0.00037944   0.0079296   0.013665   0.010614  0.0021567   
  1.974    9.1332    7.3147    6.4043    6.0271  5.6229   1.8185   2.7289   0.91042   0.00036658   0.0077953   0.013512   0.010512  0.0021386   
  1.938    9.17    7.3329    6.4163    6.0375  5.6319   1.8372   2.7537   0.91655   0.00035435   0.0076662   0.013364   0.010412  0.0021208   
  1.902    9.2062    7.3506    6.4281    6.0477  5.6409   1.8556   2.7781   0.92248   0.00034275   0.0075421   0.013219   0.010315  0.0021033   
  1.867    9.2416    7.3679    6.4397    6.0578  5.6498   1.8737   2.8019   0.9282   0.00033176   0.007423   0.013079   0.01022  0.0020862   
  1.833    9.2761    7.3847    6.451    6.0676  5.6585   1.8914   2.8251   0.93369   0.00032137   0.0073089   0.012944   0.010127  0.0020694   
  1.8    9.3098    7.401    6.4621    6.0774  5.6672   1.9087   2.8477   0.93895   0.00031156   0.0071997   0.012812   0.010037  0.0020531   
  1.767    9.3425    7.4169    6.4729    6.0869  5.6756   1.9256   2.8696   0.94398   0.00030232   0.0070954   0.012685   0.0099491  0.0020371   
  1.734    9.3741    7.4322    6.4834    6.0962  5.684   1.9419   2.8907   0.94878   0.00029363   0.0069958   0.012562   0.009864  0.0020215   
  1.703    9.4047    7.4471    6.4937    6.1053  5.6922   1.9577   2.911   0.95333   0.00028547   0.0069008   0.012444   0.0097814  0.0020063   
  1.671    9.4342    7.4614    6.5037    6.1143  5.7002   1.9728   2.9305   0.95766   0.00027781   0.0068103   0.01233   0.0097014  0.0019915   
  1.641    9.4626    7.4752    6.5135    6.123  5.7081   1.9874   2.9492   0.96174   0.00027065   0.0067242   0.01222   0.0096239  0.0019771   
  1.611    9.4898    7.4885    6.5229    6.1315  5.7158   2.0013   2.9669   0.96559   0.00026395   0.0066424   0.012114   0.0095488  0.001963   
  1.581    9.5159    7.5013    6.5321    6.1397  5.7234   2.0146   2.9838   0.96922   0.00025769   0.0065646   0.012012   0.0094763  0.0019494   
  1.552    9.5408    7.5136    6.541    6.1478  5.7308   2.0272   2.9998   0.97262   0.00025185   0.0064908   0.011914   0.0094061  0.0019362   
  1.524    9.5645    7.5253    6.5496    6.1557  5.738   2.0391   3.0149   0.97579   0.00024641   0.0064207   0.01182   0.0093384  0.0019234   
  1.496    9.587    7.5366    6.5579    6.1633  5.7451   2.0504   3.0291   0.97876   0.00024135   0.0063543   0.01173   0.009273  0.0019109   
  1.469    9.6084    7.5475    6.5659    6.1707  5.7519   2.0609   3.0425   0.98151   0.00023664   0.0062913   0.011643   0.0092098  0.0018988   
  1.442    9.6287    7.5578    6.5737    6.1779  5.7587   2.0709   3.0549   0.98408   0.00023226   0.0062316   0.01156   0.0091489  0.0018871   
  1.415    9.6478    7.5677    6.5813    6.1849  5.7652   2.0801   3.0666   0.98645   0.0002282   0.0061751   0.01148   0.0090901  0.0018758   
  1.389    9.6659    7.5772    6.5885    6.1917  5.7716   2.0888   3.0774   0.98865   0.00022443   0.0061215   0.011404   0.0090334  0.0018648   
  1.364    9.683    7.5862    6.5955    6.1983  5.7778   2.0968   3.0875   0.99067   0.00022092   0.0060707   0.01133   0.0089787  0.0018541   
  1.339    9.6991    7.5948    6.6023    6.2047  5.7839   2.1043   3.0968   0.99253   0.00021767   0.0060226   0.01126   0.008926  0.0018438   
  1.314    9.7143    7.6031    6.6088    6.2109  5.7898   2.1112   3.1054   0.99424   0.00021465   0.005977   0.011192   0.0088751  0.0018338   
  1.29    9.7286    7.611    6.6152    6.2169  5.7956   2.1176   3.1134   0.99582   0.00021185   0.0059338   0.011127   0.0088261  0.0018241   
  1.267    9.742    7.6185    6.6212    6.2228  5.8012   2.1235   3.1208   0.99726   0.00020924   0.0058928   0.011065   0.0087788  0.0018147   
  1.244    9.7547    7.6257    6.6271    6.2284  5.8066   2.129   3.1275   0.99858   0.00020682   0.0058539   0.011005   0.0087331  0.0018055   
  1.221    9.7666    7.6326    6.6328    6.2339  5.812   2.134   3.1338   0.99978   0.00020456   0.0058169   0.010948   0.0086891  0.0017967   
  1.198    9.7778    7.6391    6.6383    6.2392  5.8171   2.1386   3.1395   1.0009   0.00020246   0.0057818   0.010893   0.0086466  0.0017882   
  1.176    9.7883    7.6454    6.6435    6.2444  5.8222   2.1429   3.1448   1.0019   0.0002005   0.0057484   0.01084   0.0086056  0.0017799   
  1.155    9.7983    7.6515    6.6487    6.2494  5.8271   2.1468   3.1497   1.0028   0.00019867   0.0057166   0.010789   0.008566  0.0017718   
  1.134    9.8077    7.6572    6.6536    6.2543  5.8319   2.1505   3.1541   1.0037   0.00019695   0.0056863   0.01074   0.0085277  0.001764   
  1.113    9.8166    7.6628    6.6583    6.259  5.8366   2.1539   3.1583   1.0044   0.00019534   0.0056574   0.010693   0.0084907  0.0017564   
  1.093    9.8251    7.6681    6.663    6.2636  5.8411   2.157   3.1621   1.0051   0.00019383   0.0056298   0.010648   0.008455  0.0017491   
  1.073    9.8331    7.6732    6.6674    6.268  5.8456   2.1599   3.1657   1.0058   0.00019241   0.0056035   0.010604   0.0084204  0.0017419   
  1.053    9.8407    7.6781    6.6717    6.2723  5.8499   2.1626   3.169   1.0063   0.00019106   0.0055783   0.010562   0.008387  0.001735   
  1.034    9.8479    7.6828    6.6759    6.2765  5.8541   2.1651   3.172   1.0069   0.00018979   0.0055541   0.010522   0.0083546  0.0017283   
  1.015    9.8548    7.6873    6.6799    6.2806  5.8582   2.1675   3.1749   1.0074   0.00018859   0.005531   0.010483   0.0083233  0.0017217   
  0.9962    9.8614    7.6917    6.6838    6.2846  5.8623   2.1697   3.1776   1.0078   0.00018745   0.0055088   0.010445   0.0082929  0.0017154   
  0.9779    9.8677    7.6959    6.6876    6.2884  5.8662   2.1719   3.1801   1.0083   0.00018636   0.0054875   0.010409   0.0082635  0.0017092   
  0.96    9.8738    7.6999    6.6913    6.2922  5.87   2.1739   3.1825   1.0087   0.00018532   0.005467   0.010374   0.008235  0.0017032   
  0.9424    9.8796    7.7039    6.6948    6.2958  5.8738   2.1758   3.1848   1.009   0.00018433   0.0054473   0.01034   0.0082074  0.0016973   
  0.9252    9.8852    7.7076    6.6983    6.2994  5.8774   2.1776   3.1869   1.0094   0.00018338   0.0054283   0.010307   0.0081806  0.0016916   
  0.9082    9.8906    7.7113    6.7016    6.3028  5.881   2.1793   3.189   1.0097   0.00018247   0.00541   0.010275   0.0081546  0.0016861   
  0.8916    9.8959    7.7148    6.7049    6.3062  5.8844   2.181   3.191   1.01   0.00018159   0.0053924   0.010245   0.0081294  0.0016807   
  0.8753    9.9009    7.7183    6.708    6.3095  5.8878   2.1826   3.1929   1.0102   0.00018075   0.0053754   0.010215   0.0081049  0.0016754   
  0.8592    9.9058    7.7216    6.7111    6.3127  5.8911   2.1842   3.1947   1.0105   0.00017994   0.005359   0.010186   0.0080811  0.0016703   
  0.8435    9.9106    7.7248    6.7141    6.3158  5.8944   2.1857   3.1965   1.0108   0.00017915   0.0053431   0.010158   0.008058  0.0016654   
  0.8281    9.9152    7.7279    6.7169    6.3188  5.8975   2.1872   3.1982   1.011   0.00017839   0.0053278   0.010131   0.0080356  0.0016605   
  0.8129    9.9197    7.731    6.7197    6.3217  5.9006   2.1887   3.1999   1.0112   0.00017766   0.005313   0.010105   0.0080139  0.0016558   
  0.798    9.924    7.7339    6.7225    6.3246  5.9036   2.1901   3.2016   1.0114   0.00017695   0.0052987   0.01008   0.0079928  0.0016512   
  0.7834    9.9283    7.7367    6.7251    6.3274  5.9066   2.1915   3.2032   1.0116   0.00017626   0.0052848   0.010056   0.0079723  0.0016468   
  0.769    9.9324    7.7395    6.7277    6.3301  5.9095   2.1929   3.2047   1.0118   0.00017559   0.0052714   0.010032   0.0079523  0.0016424   
  0.755    9.9364    7.7422    6.7302    6.3327  5.9123   2.1943   3.2063   1.012   0.00017493   0.0052584   0.010009   0.007933  0.0016382   
  0.7411    9.9404    7.7448    6.7326    6.3353  5.915   2.1956   3.2078   1.0122   0.0001743   0.0052458   0.0099867   0.0079142  0.0016341   
  0.7276    9.9442    7.7473    6.7349    6.3378  5.9177   2.1969   3.2093   1.0124   0.00017368   0.0052336   0.0099651   0.0078959  0.00163   
  0.7142    9.948    7.7498    6.7372    6.3403  5.9203   2.1982   3.2108   1.0125   0.00017308   0.0052218   0.0099441   0.0078782  0.0016261   
  0.7012    9.9517    7.7521    6.7394    6.3426  5.9228   2.1995   3.2122   1.0127   0.0001725   0.0052104   0.0099239   0.007861  0.0016223   
  0.6883    9.9553    7.7545    6.7416    6.3449  5.9253   2.2008   3.2137   1.0129   0.00017193   0.0051993   0.0099042   0.0078443  0.0016187   
  0.6757    9.9588    7.7567    6.7437    6.3472  5.9277   2.2021   3.2151   1.013   0.00017137   0.0051885   0.0098852   0.0078281  0.0016151   
  0.6633    9.9622    7.7589    6.7457    6.3494  5.93   2.2033   3.2165   1.0132   0.00017083   0.0051781   0.0098667   0.0078124  0.0016116   
  0.6512    9.9656    7.761    6.7477    6.3515  5.9323   2.2046   3.2179   1.0134   0.0001703   0.0051679   0.0098488   0.0077971  0.0016082   
  0.6393    9.9689    7.7631    6.7496    6.3536  5.9346   2.2058   3.2193   1.0135   0.00016978   0.0051582   0.0098315   0.0077823  0.0016049   
  0.6276    9.9721    7.7651    6.7514    6.3556  5.9367   2.207   3.2207   1.0136   0.00016928   0.0051486   0.0098147   0.0077679  0.0016017   
  0.6161    9.9753    7.767    6.7532    6.3575  5.9388   2.2083   3.2221   1.0138   0.00016879   0.0051394   0.0097985   0.007754  0.0015986   
  0.6048    9.9784    7.7689    6.755    6.3594  5.9409   2.2095   3.2234   1.0139   0.00016831   0.0051305   0.0097827   0.0077404  0.0015956   
  0.5937    9.9814    7.7708    6.7567    6.3613  5.9429   2.2107   3.2248   1.0141   0.00016783   0.0051218   0.0097675   0.0077273  0.0015926   
  0.5828    9.9844    7.7725    6.7583    6.363  5.9448   2.2119   3.2261   1.0142   0.00016738   0.0051134   0.0097528   0.0077147  0.0015898   
  0.5722    9.9873    7.7743    6.7599    6.3648  5.9467   2.213   3.2274   1.0144   0.00016693   0.0051052   0.0097385   0.0077023  0.001587   
  0.5617    9.9902    7.776    6.7614    6.3665  5.9485   2.2142   3.2287   1.0145   0.00016649   0.0050973   0.0097247   0.0076904  0.0015844   
  0.5514    9.993    7.7776    6.7629    6.3681  5.9503   2.2154   3.23   1.0147   0.00016606   0.0050896   0.0097113   0.0076789  0.0015818   
  0.5413    9.9957    7.7792    6.7644    6.3697  5.952   2.2165   3.2313   1.0148   0.00016564   0.0050822   0.0096983   0.0076677  0.0015793   
  0.5314    9.9984    7.7807    6.7658    6.3712  5.9537   2.2177   3.2326   1.0149   0.00016523   0.005075   0.0096858   0.0076569  0.0015768   
  0.5217    10.001    7.7822    6.7671    6.3727  5.9553   2.2188   3.2339   1.0151   0.00016483   0.005068   0.0096736   0.0076464  0.0015745   
  0.5121    10.004    7.7837    6.7685    6.3741  5.9569   2.2199   3.2352   1.0152   0.00016444   0.0050612   0.0096619   0.0076363  0.0015722   
  0.5027    10.006    7.7851    6.7697    6.3755  5.9584   2.2211   3.2364   1.0154   0.00016405   0.0050546   0.0096506   0.0076265  0.00157   
  0.4935    10.009    7.7865    6.771    6.3769  5.9599   2.2222   3.2377   1.0155   0.00016368   0.0050482   0.0096396   0.007617  0.0015679   
  0.4845    10.011    7.7878    6.7722    6.3782  5.9613   2.2233   3.2389   1.0156   0.00016331   0.005042   0.009629   0.0076079  0.0015658   
  0.4756    10.013    7.7891    6.7733    6.3794  5.9627   2.2243   3.2401   1.0158   0.00016295   0.0050359   0.0096187   0.007599  0.0015638   
  0.4669    10.016    7.7904    6.7745    6.3807  5.964   2.2254   3.2413   1.0159   0.0001626   0.0050301   0.0096088   0.0075905  0.0015619   
  0.4584    10.018    7.7916    6.7755    6.3818  5.9653   2.2265   3.2425   1.0161   0.00016226   0.0050244   0.0095992   0.0075822  0.00156   
  0.45    10.02    7.7928    6.7766    6.383  5.9666   2.2275   3.2437   1.0162   0.00016193   0.0050189   0.0095899   0.0075742  0.0015582   
  0.4417    10.023    7.7939    6.7776    6.3841  5.9678   2.2286   3.2449   1.0163   0.0001616   0.0050136   0.0095809   0.0075665  0.0015565   
  0.4336    10.025    7.7951    6.7786    6.3852  5.969   2.2296   3.2461   1.0165   0.00016128   0.0050084   0.0095722   0.007559  0.0015548   
  0.4257    10.027    7.7962    6.7795    6.3862  5.9701   2.2306   3.2472   1.0166   0.00016097   0.0050033   0.0095638   0.0075518  0.0015532   
  0.4179    10.029    7.7972    6.7805    6.3872  5.9712   2.2316   3.2484   1.0168   0.00016066   0.0049984   0.0095556   0.0075448  0.0015516   
  0.4102    10.031    7.7983    6.7814    6.3882  5.9723   2.2326   3.2495   1.0169   0.00016036   0.0049937   0.0095478   0.0075381  0.0015501   
  0.4027    10.033    7.7993    6.7822    6.3891  5.9733   2.2336   3.2506   1.017   0.00016007   0.004989   0.0095402   0.0075316  0.0015486   
  0.3954    10.035    7.8002    6.7831    6.39  5.9743   2.2345   3.2517   1.0172   0.00015978   0.0049846   0.0095328   0.0075253  0.0015472   
  0.3881    10.037    7.8012    6.7839    6.3909  5.9752   2.2355   3.2528   1.0173   0.00015951   0.0049802   0.0095257   0.0075192  0.0015459   
  0.381    10.039    7.8021    6.7847    6.3917  5.9761   2.2364   3.2539   1.0175   0.00015923   0.0049759   0.0095188   0.0075134  0.0015446   
  0.374    10.04    7.803    6.7854    6.3926  5.977   2.2373   3.2549   1.0176   0.00015897   0.0049718   0.009512   0.0075077  0.0015433   
  0.3672    10.042    7.8039    6.7862    6.3934  5.9779   2.2382   3.2559   1.0177   0.00015871   0.0049678   0.0095055   0.0075022  0.0015421   
  0.3605    10.044    7.8048    6.7869    6.3941  5.9787   2.2391   3.257   1.0179   0.00015845   0.0049639   0.0094993   0.0074969  0.0015409   
  0.3539    10.046    7.8056    6.7876    6.3949  5.9795   2.24   3.258   1.018   0.00015821   0.0049601   0.0094932   0.0074918  0.0015398   
  0.3474    10.047    7.8064    6.7883    6.3956  5.9803   2.2408   3.2589   1.0181   0.00015797   0.0049564   0.0094872   0.0074869  0.0015387   
  0.341    10.049    7.8072    6.7889    6.3963  5.9811   2.2416   3.2599   1.0183   0.00015773   0.0049528   0.0094815   0.0074821  0.0015376   
  0.3348    10.05    7.808    6.7896    6.397  5.9818   2.2425   3.2609   1.0184   0.0001575   0.0049492   0.0094759   0.0074774  0.0015366   
  0.3286    10.052    7.8087    6.7902    6.3976  5.9825   2.2433   3.2618   1.0185   0.00015728   0.0049458   0.0094705   0.0074729  0.0015356   
  0.3226    10.053    7.8094    6.7908    6.3982  5.9832   2.244   3.2627   1.0187   0.00015706   0.0049425   0.0094653   0.0074685  0.0015346   
  0.3167    10.055    7.8102    6.7914    6.3989  5.9838   2.2448   3.2636   1.0188   0.00015684   0.0049392   0.0094601   0.0074644  0.0015337   
  0.3109    10.056    7.8109    6.792    6.3995  5.9845   2.2455   3.2644   1.0189   0.00015664   0.0049361   0.0094552   0.0074603  0.0015328   
  0.3052    10.058    7.8115    6.7925    6.4  5.9851   2.2463   3.2653   1.019   0.00015643   0.004933   0.0094503   0.0074563  0.0015319   
  0.2996    10.059    7.8122    6.793    6.4006  5.9857   2.247   3.2661   1.0192   0.00015624   0.00493   0.0094456   0.0074524  0.0015311   
  0.2941    10.061    7.8129    6.7936    6.4011  5.9862   2.2477   3.2669   1.0193   0.00015604   0.004927   0.009441   0.0074487  0.0015303   
  0.2888    10.062    7.8135    6.7941    6.4017  5.9868   2.2483   3.2677   1.0194   0.00015586   0.0049241   0.0094366   0.0074451  0.0015295   
  0.2835    10.063    7.8141    6.7946    6.4022  5.9873   2.249   3.2685   1.0195   0.00015567   0.0049213   0.0094322   0.0074416  0.0015287   
  0.2783    10.064    7.8147    6.7951    6.4027  5.9879   2.2496   3.2692   1.0196   0.0001555   0.0049186   0.009428   0.0074381  0.001528   
  0.2732    10.066    7.8153    6.7956    6.4032  5.9884   2.2502   3.27   1.0197   0.00015532   0.0049159   0.0094238   0.0074348  0.0015272   
  0.2682    10.067    7.8159    6.796    6.4036  5.9889   2.2508   3.2707   1.0199   0.00015516   0.0049133   0.0094198   0.0074316  0.0015265   
  0.2633    10.068    7.8164    6.7965    6.4041  5.9894   2.2514   3.2714   1.02   0.00015499   0.0049107   0.0094158   0.0074284  0.0015259   
  0.2584    10.069    7.817    6.7969    6.4045  5.9898   2.252   3.272   1.0201   0.00015483   0.0049082   0.009412   0.0074253  0.0015252   
  0.2537    10.07    7.8175    6.7974    6.405  5.9903   2.2525   3.2727   1.0202   0.00015468   0.0049058   0.0094082   0.0074224  0.0015246   
  0.2491    10.071    7.8181    6.7978    6.4054  5.9908   2.253   3.2733   1.0203   0.00015453   0.0049034   0.0094045   0.0074194  0.0015239   
  0.2445    10.072    7.8186    6.7982    6.4058  5.9912   2.2536   3.2739   1.0204   0.00015438   0.0049011   0.0094009   0.0074166  0.0015233   
  0.24    10.073    7.8191    6.7986    6.4062  5.9916   2.254   3.2745   1.0205   0.00015424   0.0048988   0.0093974   0.0074138  0.0015227   
  0.2356    10.074    7.8196    6.799    6.4066  5.992   2.2545   3.2751   1.0206   0.0001541   0.0048966   0.009394   0.0074111  0.0015221   
  0.2313    10.075    7.8201    6.7994    6.407  5.9924   2.255   3.2757   1.0207   0.00015397   0.0048944   0.0093906   0.0074085  0.0015216   
  0.2271    10.076    7.8205    6.7998    6.4074  5.9928   2.2554   3.2762   1.0208   0.00015384   0.0048922   0.0093873   0.0074059  0.001521   
  0.2229    10.077    7.821    6.8001    6.4078  5.9932   2.2559   3.2767   1.0209   0.00015371   0.0048901   0.0093841   0.0074034  0.0015205   
  0.2188    10.078    7.8215    6.8005    6.4081  5.9936   2.2563   3.2772   1.021   0.00015359   0.0048881   0.009381   0.007401  0.00152   
  0.2148    10.079    7.8219    6.8009    6.4085  5.9939   2.2567   3.2777   1.021   0.00015347   0.0048861   0.0093779   0.0073986  0.0015195   
  0.2109    10.079    7.8223    6.8012    6.4088  5.9943   2.2571   3.2782   1.0211   0.00015335   0.0048841   0.0093749   0.0073962  0.001519   
  0.207    10.08    7.8228    6.8016    6.4091  5.9946   2.2574   3.2786   1.0212   0.00015324   0.0048822   0.0093719   0.007394  0.0015185   
  0.2032    10.081    7.8232    6.8019    6.4095  5.995   2.2578   3.2791   1.0213   0.00015313   0.0048803   0.009369   0.0073917  0.001518   
  0.1995    10.082    7.8236    6.8022    6.4098  5.9953   2.2581   3.2795   1.0214   0.00015302   0.0048785   0.0093662   0.0073895  0.0015176   
