 Tau[Gyrs]  u g r i z ###u-g###u-r###g-r### Luminosities{u,g,r,i,z} [Lsun]  
  50.12    10.002    9.0593    8.7026    8.5353  8.3253   0.94268   1.2993   0.35666   0.00016469   0.0015632   0.0016271   0.0010433  0.00017748   
  47.4    9.8966    8.9531    8.5956    8.428  8.2176   0.94355   1.301   0.35748   0.00018147   0.0017238   0.0017956   0.0011517  0.00019599   
  44.82    9.7922    8.8477    8.4894    8.3214  8.1107   0.94447   1.3028   0.35835   0.00019979   0.0018994   0.0019801   0.0012705  0.00021627   
  42.39    9.6888    8.7433    8.384    8.2156  8.0045   0.94545   1.3047   0.35927   0.00021976   0.0020912   0.0021819   0.0014005  0.00023848   
  40.09    9.5863    8.6398    8.2796    8.1107  7.8993   0.94649   1.3067   0.36025   0.0002415   0.0023003   0.0024022   0.0015425  0.00026276   
  37.91    9.485    8.5374    8.1761    8.0068  7.7949   0.9476   1.3089   0.36129   0.00026513   0.002528   0.0026425   0.0016976  0.00028927   
  35.85    9.3847    8.436    8.0736    7.9038  7.6915   0.94878   1.3112   0.36238   0.00029077   0.0027755   0.0029041   0.0018665  0.00031818   
  33.91    9.2857    8.3357    7.9721    7.8018  7.589   0.95003   1.3136   0.36356   0.00031854   0.003044   0.0031886   0.0020503  0.00034967   
  32.07    9.1879    8.2366    7.8718    7.7009  7.4876   0.95137   1.3162   0.36479   0.00034856   0.003335   0.0034973   0.0022499  0.00038389   
  30.33    9.0915    8.1387    7.7726    7.6011  7.3874   0.95277   1.3189   0.36612   0.00038093   0.0036495   0.0038318   0.0024665  0.00042103   
  28.68    8.9965    8.0422    7.6747    7.5026  7.2883   0.95428   1.3218   0.36751   0.00041578   0.0039888   0.0041935   0.0027008  0.00046127   
  27.12    8.9029    7.9471    7.578    7.4053  7.1904   0.95587   1.3249   0.36901   0.00045319   0.0043541   0.0045839   0.002954  0.00050478   
  25.65    8.811    7.8534    7.4828    7.3093  7.0938   0.95758   1.3282   0.3706   0.00049324   0.0047464   0.0050042   0.003227  0.00055174   
  24.26    8.7207    7.7613    7.389    7.2148  6.9986   0.95939   1.3317   0.37228   0.00053603   0.0051668   0.0054558   0.0035206  0.00060231   
  22.94    8.6321    7.6708    7.2967    7.1217  6.9048   0.96134   1.3354   0.37407   0.00058158   0.0056159   0.0059398   0.0038357  0.00065664   
  21.7    8.5454    7.582    7.206    7.0302  6.8126   0.96339   1.3394   0.37598   0.00062993   0.0060943   0.0064571   0.004173  0.00071487   
  20.52    8.4606    7.495    7.117    6.9403  6.7219   0.9656   1.3436   0.37801   0.00068107   0.0066024   0.0070086   0.0045332  0.00077712   
  19.4    8.378    7.41    7.0298    6.8522  6.633   0.96794   1.3481   0.38017   0.00073497   0.0071403   0.0075947   0.0049166  0.00084349   
  18.35    8.2974    7.327    6.9445    6.7658  6.5457   0.97045   1.3529   0.38247   0.00079154   0.0077077   0.0082156   0.0053235  0.00091405   
  17.35    8.2192    7.2461    6.8612    6.6814  6.4604   0.97312   1.358   0.38492   0.00085068   0.008304   0.0088712   0.0057539  0.00098881   
  16.41    8.1434    7.1674    6.7799    6.599  6.377   0.97598   1.3635   0.38754   0.00091218   0.0089279   0.0095607   0.0062077  0.0010678   
  15.52    8.0702    7.0911    6.7008    6.5187  6.2956   0.97904   1.3694   0.39033   0.00097585   0.0095779   0.010283   0.0066843  0.0011509   
  14.68    7.9996    7.0173    6.624    6.4406  6.2164   0.98231   1.3756   0.39331   0.0010414   0.010252   0.011037   0.0071828  0.001238   
  13.88    7.9319    6.9461    6.5496    6.3648  6.1394   0.98581   1.3823   0.39649   0.0011084   0.010947   0.01182   0.007702  0.001329   
  13.13    7.8672    6.8776    6.4777    6.2915  6.0648   0.98957   1.3894   0.39988   0.0011765   0.01166   0.012629   0.0082402  0.0014235   
  12.41    7.8056    6.812    6.4085    6.2207  5.9926   0.9936   1.3971   0.40351   0.0012451   0.012386   0.01346   0.0087954  0.0015213   
  11.74    7.7474    6.7494    6.3421    6.1526  5.9231   0.99792   1.4053   0.40739   0.0013137   0.01312   0.01431   0.0093648  0.001622   
  11.1    7.6926    6.69    6.2785    6.0873  5.8562   1.0026   1.4141   0.41153   0.0013817   0.013858   0.015172   0.0099455  0.001725   
  10.5    7.6415    6.634    6.218    6.0249  5.7922   1.0076   1.4235   0.41597   0.0014482   0.014593   0.016042   0.010534  0.0018298   
  9.93    7.5943    6.5814    6.1607    5.9655  5.7311   1.0129   1.4337   0.42072   0.0015126   0.015317   0.016912   0.011126  0.0019357   
  9.391    7.5512    6.5324    6.1066    5.9093  5.673   1.0187   1.4445   0.42581   0.0015739   0.016023   0.017775   0.011717  0.002042   
  8.881    7.5123    6.4873    6.0561    5.8565  5.6182   1.025   1.4562   0.43126   0.0016313   0.016703   0.018622   0.012301  0.0021478   
  8.399    7.4779    6.4462    6.0091    5.807  5.5666   1.0317   1.4688   0.4371   0.0016838   0.017348   0.019446   0.012874  0.0022522   
  7.943    7.4482    6.4092    5.9658    5.7612  5.5185   1.039   1.4824   0.44337   0.0017305   0.017949   0.020236   0.01343  0.0023543   
  7.512    7.4234    6.3765    5.9264    5.719  5.4739   1.0469   1.497   0.4501   0.0017704   0.018498   0.020984   0.013962  0.0024529   
  7.104    7.4038    6.3483    5.891    5.6806  5.433   1.0555   1.5128   0.45732   0.0018027   0.018984   0.021679   0.014464  0.0025471   
  6.719    7.3895    6.3248    5.8598    5.6462  5.3959   1.0647   1.5298   0.46507   0.0018265   0.0194   0.022312   0.01493  0.0026357   
  6.354    7.3809    6.3061    5.8327    5.6158  5.3626   1.0748   1.5482   0.47339   0.0018411   0.019737   0.022875   0.015354  0.0027177   
  6.009    7.3781    6.2924    5.8101    5.5895  5.3333   1.0857   1.5681   0.48233   0.0018459   0.019988   0.023357   0.01573  0.0027921   
  5.683    7.3814    6.2838    5.7918    5.5674  5.308   1.0976   1.5896   0.49192   0.0018403   0.020148   0.023753   0.016053  0.002858   
  5.374    7.391    6.2803    5.7781    5.5496  5.2868   1.1106   1.6128   0.50223   0.0018242   0.020211   0.024055   0.016318  0.0029144   
  5.082    7.407    6.2822    5.769    5.5362  5.2697   1.1248   1.638   0.51327   0.0017974   0.020176   0.024259   0.016522  0.0029606   
  4.806    7.4297    6.2895    5.7644    5.527  5.2567   1.1402   1.6653   0.5251   0.0017602   0.020041   0.024361   0.016662  0.0029962   
  4.545    7.4592    6.3022    5.7644    5.5222  5.2478   1.157   1.6948   0.53777   0.001713   0.019808   0.02436   0.016736  0.0030208   
  4.299    7.4957    6.3203    5.769    5.5216  5.243   1.1754   1.7267   0.55129   0.0016564   0.019481   0.024258   0.016745  0.0030343   
  4.065    7.5392    6.3436    5.7779    5.5252  5.2422   1.1955   1.7612   0.56571   0.0015914   0.019066   0.024059   0.01669  0.0030367   
  3.845    7.5896    6.3722    5.7912    5.5328  5.2452   1.2174   1.7985   0.58103   0.0015191   0.018571   0.023767   0.016573  0.0030283   
  3.636    7.647    6.4058    5.8085    5.5443  5.2518   1.2413   1.8385   0.59724   0.0014409   0.018006   0.02339   0.0164  0.0030099   
  3.438    7.7112    6.444    5.8297    5.5593  5.2618   1.2672   1.8815   0.61432   0.0013582   0.017383   0.022939   0.016174  0.0029821   
  3.252    7.7818    6.4865    5.8543    5.5776  5.2751   1.2953   1.9275   0.63221   0.0012727   0.016716   0.022425   0.015903  0.002946   
  3.075    7.8584    6.5328    5.882    5.5989  5.2911   1.3256   1.9764   0.6508   0.0011861   0.016018   0.02186   0.015595  0.0029028   
  2.908    7.9403    6.5823    5.9123    5.6226  5.3096   1.358   2.028   0.66999   0.0010998   0.015304   0.021259   0.015257  0.0028537   
  2.75    8.0268    6.6342    5.9446    5.6485  5.3302   1.3926   2.0821   0.68957   0.0010156   0.014589   0.020634   0.014899  0.0028002   
  2.601    8.1168    6.6879    5.9785    5.6758  5.3524   1.4289   2.1383   0.70934   0.00093483   0.013886   0.02   0.014528  0.0027435   
  2.46    8.2091    6.7423    6.0133    5.7042  5.3757   1.4668   2.1958   0.72902   0.00085862   0.013207   0.01937   0.014153  0.0026853   
  2.326    8.3023    6.7967    6.0484    5.7331  5.3997   1.5056   2.254   0.74833   0.00078798   0.012562   0.018754   0.013781  0.0026266   
  2.2    8.3949    6.85    6.0831    5.762  5.4239   1.5448   2.3118   0.76695   0.0007236   0.011959   0.018164   0.01342  0.0025687   
  2.081    8.4851    6.9015    6.1169    5.7904  5.4478   1.5836   2.3682   0.78459   0.00066587   0.011405   0.017606   0.013073  0.0025126   
  1.968    8.5715    6.9504    6.1494    5.8178  5.4712   1.6212   2.4221   0.80095   0.00061496   0.010904   0.017088   0.012747  0.0024591   
  1.861    8.6525    6.9959    6.1801    5.8439  5.4936   1.6566   2.4725   0.81583   0.00057073   0.010456   0.016612   0.012444  0.0024089   
  1.76    8.7271    7.0377    6.2087    5.8684  5.5149   1.6894   2.5184   0.82907   0.00053287   0.010061   0.01618   0.012166  0.0023622   
  1.664    8.7943    7.0756    6.235    5.8912  5.5347   1.7187   2.5593   0.84061   0.00050088   0.0097163   0.015793   0.011914  0.0023194   
  1.574    8.8539    7.1093    6.2589    5.9122  5.5531   1.7445   2.595   0.85046   0.00047414   0.0094186   0.015449   0.011686  0.0022804   
  1.488    8.9058    7.1392    6.2805    5.9312  5.57   1.7666   2.6253   0.85871   0.000452   0.0091631   0.015144   0.011483  0.0022452   
  1.408    8.9505    7.1654    6.2999    5.9485  5.5854   1.7851   2.6506   0.86552   0.00043376   0.0089447   0.014876   0.011302  0.0022136   
  1.331    8.9887    7.1883    6.3172    5.9641  5.5994   1.8004   2.6715   0.87108   0.00041877   0.0087582   0.014641   0.01114  0.0021852   
  1.259    9.0213    7.2083    6.3327    5.9781  5.6122   1.813   2.6886   0.87558   0.00040639   0.0085985   0.014434   0.010997  0.0021597   
  1.191    9.0491    7.2257    6.3465    5.9908  5.6238   1.8233   2.7025   0.87921   0.00039611   0.0084611   0.014251   0.010869  0.0021368   
  1.126    9.073    7.2412    6.359    6.0023  5.6343   1.8319   2.714   0.88217   0.00038747   0.0083418   0.014088   0.010755  0.0021161   
  1.065    9.0938    7.2549    6.3703    6.0128  5.644   1.839   2.7236   0.8846   0.00038011   0.0082372   0.013943   0.010651  0.0020972   
  1.007    9.1122    7.2671    6.3805    6.0224  5.653   1.8451   2.7317   0.88662   0.00037374   0.0081445   0.013811   0.010558  0.00208   
  0.9523    9.1286    7.2783    6.39    6.0313  5.6613   1.8503   2.7387   0.88834   0.00036813   0.0080613   0.013692   0.010471  0.0020641   
  0.9006    9.1435    7.2885    6.3987    6.0396  5.6691   1.855   2.7448   0.88982   0.00036311   0.0079858   0.013582   0.010392  0.0020494   
  0.8517    9.1572    7.298    6.4068    6.0473  5.6764   1.8592   2.7503   0.89111   0.00035858   0.0079167   0.013481   0.010318  0.0020356   
  0.8055    9.1698    7.3067    6.4145    6.0546  5.6834   1.863   2.7553   0.89225   0.00035444   0.0078529   0.013386   0.010249  0.0020226   
  0.7618    9.1815    7.315    6.4217    6.0616  5.69   1.8665   2.7598   0.89327   0.00035063   0.0077936   0.013297   0.010184  0.0020103   
  0.7204    9.1925    7.3227    6.4285    6.0681  5.6963   1.8698   2.764   0.89417   0.0003471   0.0077382   0.013214   0.010122  0.0019986   
  0.6813    9.2028    7.33    6.435    6.0744  5.7024   1.8728   2.7678   0.89499   0.00034381   0.0076863   0.013135   0.010064  0.0019875   
  0.6443    9.2125    7.3369    6.4412    6.0804  5.7082   1.8756   2.7713   0.89573   0.00034075   0.0076374   0.013061   0.010009  0.0019769   
  0.6093    9.2217    7.3435    6.4471    6.0861  5.7138   1.8782   2.7746   0.89639   0.00033788   0.0075914   0.01299   0.009956  0.0019668   
  0.5762    9.2304    7.3497    6.4527    6.0916  5.7191   1.8806   2.7776   0.89699   0.0003352   0.007548   0.012923   0.0099058  0.0019571   
  0.545    9.2385    7.3556    6.4581    6.0968  5.7242   1.8829   2.7804   0.89754   0.0003327   0.0075071   0.012859   0.0098582  0.0019479   
  0.5154    9.2462    7.3612    6.4632    6.1018  5.7291   1.885   2.783   0.89802   0.00033035   0.0074684   0.012799   0.0098129  0.0019392   
  0.4874    9.2534    7.3665    6.4681    6.1066  5.7338   1.8869   2.7854   0.89846   0.00032815   0.007432   0.012741   0.00977  0.0019308   
  0.4609    9.2602    7.3716    6.4727    6.1111  5.7383   1.8887   2.7875   0.89887   0.0003261   0.0073977   0.012687   0.0097293  0.0019229   
  0.4359    9.2666    7.3763    6.4771    6.1154  5.7425   1.8903   2.7896   0.89923   0.00032419   0.0073655   0.012636   0.0096909  0.0019155   
  0.4122    9.2726    7.3808    6.4812    6.1195  5.7465   1.8919   2.7914   0.89956   0.00032241   0.0073353   0.012588   0.0096549  0.0019084   
  0.3899    9.2782    7.3849    6.4851    6.1233  5.7502   1.8933   2.7931   0.89986   0.00032075   0.0073071   0.012543   0.009621  0.0019019   
  0.3687    9.2834    7.3889    6.4887    6.1268  5.7537   1.8945   2.7947   0.90013   0.00031922   0.0072808   0.012501   0.0095895  0.0018958   
  0.3487    9.2882    7.3925    6.4921    6.1302  5.757   1.8957   2.7961   0.90037   0.0003178   0.0072564   0.012462   0.0095601  0.0018901   
  0.3297    9.2927    7.3959    6.4953    6.1333  5.76   1.8968   2.7974   0.9006   0.0003165   0.0072338   0.012426   0.009533  0.0018848   
  0.3118    9.2968    7.399    6.4982    6.1361  5.7627   1.8977   2.7985   0.9008   0.00031531   0.0072129   0.012393   0.009508  0.00188   
  0.2949    9.3005    7.4019    6.5009    6.1387  5.7653   1.8986   2.7996   0.90099   0.00031422   0.0071938   0.012362   0.0094851  0.0018756   
  0.2789    9.304    7.4046    6.5034    6.1411  5.7676   1.8994   2.8006   0.90117   0.00031323   0.0071763   0.012334   0.0094642  0.0018717   
  0.2638    9.3071    7.407    6.5057    6.1433  5.7697   1.9001   2.8014   0.90132   0.00031233   0.0071604   0.012308   0.0094451  0.0018681   
  0.2494    9.3099    7.4092    6.5077    6.1453  5.7716   1.9007   2.8022   0.90147   0.00031152   0.0071458   0.012285   0.0094279  0.0018648   
  0.2359    9.3125    7.4112    6.5096    6.1471  5.7733   1.9013   2.8029   0.9016   0.00031079   0.0071326   0.012263   0.0094124  0.0018619   
  0.2231    9.3148    7.413    6.5113    6.1487  5.7748   1.9018   2.8035   0.90172   0.00031012   0.0071207   0.012244   0.0093984  0.0018593   
  0.211    9.3169    7.4147    6.5128    6.1502  5.7761   1.9022   2.8041   0.90183   0.00030953   0.0071099   0.012227   0.0093858  0.001857   
  0.1995    9.3188    7.4161    6.5142    6.1515  5.7773   1.9026   2.8046   0.90194   0.00030899   0.0071001   0.012211   0.0093745  0.0018549   
